16 4 . 20
13 0 . 13
19 6 . 25
9 18 . 27
4 5 . 9
16 0 . 16
8 1 . 9
12 19 . 31
8 12 . 20
7 16 . 23
12 3 . 15
3 15 . 18
4 19 . 23
10 11 . 21
7 15 . 22
1 17 . 18
2 8 . 10
18 14 . 32
3 5 . 8
13 10 . 23
15 11 . 26
9 13 . 22
11 1 . 12
8 4 . 12
18 12 . 30
12 17 . 29
6 1 . 7
2 11 . 13
1 10 . 11
13 17 . 30
9 5 . 14
14 13 . 27
19 18 . 37
7 6 . 13
16 1 . 17
15 16 . 31
9 3 . 12
6 18 . 24
19 11 . 30
0 14 . 14
19 2 . 21
12 0 . 12
1 2 . 3
9 1 . 10
0 8 . 8
2 16 . 18
9 4 . 13
14 7 . 21
11 8 . 19
14 2 . 16
11 14 . 25
11 6 . 17
13 2 . 15
7 3 . 10
16 17 . 33
5 13 . 18
16 18 . 34
0 11 . 11
18 1 . 19
1 19 . 20
3 0 . 3
10 3 . 13
10 14 . 24
8 3 . 11
14 1 . 15
2 0 . 2
14 12 . 26
17 5 . 22
4 13 . 17
2 6 . 8
2 15 . 17
18 2 . 20
4 12 . 16
14 6 . 20
17 15 . 32
0 15 . 15
4 2 . 6
15 10 . 25
3 11 . 14
19 9 . 28
13 15 . 28
8 9 . 17
14 5 . 19
19 0 . 19
3 2 . 5
14 4 . 18
17 14 . 31
15 4 . 19
7 11 . 18
13 8 . 21
5 19 . 24
12 9 . 21
18 10 . 28
18 4 . 22
1 0 . 1
8 7 . 15
8 18 . 26
1 3 . 4
2 5 . 7
1 5 . 6
6 12 . 18
9 11 . 20
7 18 . 25
5 8 . 13
0 17 . 17
12 2 . 14
7 19 . 26
19 14 . 33
7 13 . 20
6 0 . 6
16 3 . 19
12 16 . 28
15 1 . 16
17 18 . 35
18 15 . 33
15 14 . 29
17 19 . 36
0 4 . 4
5 15 . 20
15 9 . 24
7 2 . 9
11 18 . 29
16 9 . 25
18 5 . 23
12 5 . 17
19 3 . 22
4 11 . 15
13 11 . 24
0 5 . 5
8 15 . 23
10 2 . 12
8 6 . 14
0 9 . 9
16 8 . 24
10 0 . 10
