89 53 . 142
61 24 . 85
8 48 . 56
16 74 . 90
28 69 . 97
1 98 . 99
72 36 . 108
82 25 . 107
7 18 . 25
12 70 . 82
31 75 . 106
60 35 . 95
93 3 . 96
28 73 . 101
84 69 . 153
47 55 . 102
92 61 . 153
23 91 . 114
83 3 . 86
58 7 . 65
6 12 . 18
52 13 . 65
51 52 . 103
90 49 . 139
41 9 . 50
48 38 . 86
90 8 . 98
37 15 . 52
12 31 . 43
19 60 . 79
50 27 . 77
95 10 . 105
76 8 . 84
12 92 . 104
14 26 . 40
48 99 . 147
48 98 . 146
65 75 . 140
31 32 . 63
70 90 . 160
6 46 . 52
31 58 . 89
83 45 . 128
68 57 . 125
29 21 . 50
10 38 . 48
77 64 . 141
52 34 . 86
32 86 . 118
58 17 . 75
83 0 . 83
96 69 . 165
7 21 . 28
3 91 . 94
42 80 . 122
92 42 . 134
59 7 . 66
48 74 . 122
55 40 . 95
68 45 . 113
0 51 . 51
67 2 . 69
30 32 . 62
3 3 . 6
9 8 . 17
3 87 . 90
99 3 . 102
13 99 . 112
52 23 . 75
27 84 . 111
59 56 . 115
47 4 . 51
21 21 . 42
63 92 . 155
89 76 . 165
99 37 . 136
86 68 . 154
97 1 . 98
12 82 . 94
86 14 . 100
35 22 . 57
78 7 . 85
82 99 . 181
17 40 . 57
75 52 . 127
43 52 . 95
28 10 . 38
63 63 . 126
89 68 . 157
99 71 . 170
46 63 . 109
51 58 . 109
0 87 . 87
8 59 . 67
71 30 . 101
15 35 . 50
78 98 . 176
95 52 . 147
97 31 . 128
3 53 . 56
17 69 . 86
20 98 . 118
97 4 . 101
58 93 . 151
33 75 . 108
4 42 . 46
75 43 . 118
37 34 . 71
80 1 . 81
80 41 . 121
35 89 . 124
7 90 . 97
28 12 . 40
18 53 . 71
39 46 . 85
64 14 . 78
11 33 . 44
74 86 . 160
46 29 . 75
67 4 . 71
36 78 . 114
83 32 . 115
43 67 . 110
60 68 . 128
69 36 . 105
83 26 . 109
83 31 . 114
87 86 . 173
3 7 . 10
29 91 . 120
56 93 . 149
72 86 . 158
0 69 . 69
32 66 . 98
49 10 . 59
15 12 . 27
19 35 . 54
29 43 . 72
19 51 . 70
66 81 . 147
63 38 . 101
79 0 . 79
24 1 . 25
42 67 . 109
93 80 . 173
64 88 . 152
5 33 . 38
71 10 . 81
97 30 . 127
2 15 . 17
13 18 . 31
53 72 . 125
0 65 . 65
10 0 . 10
3 72 . 75
43 73 . 116
64 61 . 125
21 93 . 114
75 47 . 122
65 16 . 81
51 46 . 97
93 95 . 188
55 44 . 99
16 59 . 75
45 47 . 92
83 9 . 92
82 62 . 144
41 12 . 53
3 54 . 57
79 94 . 173
55 8 . 63
5 8 . 13
89 72 . 161
62 78 . 140
11 58 . 69
60 48 . 108
38 84 . 122
50 28 . 78
93 32 . 125
12 72 . 84
61 62 . 123
56 97 . 153
89 80 . 169
86 98 . 184
14 3 . 17
64 6 . 70
0 82 . 82
84 29 . 113
35 34 . 69
82 84 . 166
33 19 . 52
58 35 . 93
0 91 . 91
91 84 . 175
35 35 . 70
81 84 . 165
87 91 . 178
44 70 . 114
37 26 . 63
48 3 . 51
98 98 . 196
95 33 . 128
4 46 . 50
6 29 . 35
49 49 . 98
73 30 . 103
57 95 . 152
4 14 . 18
41 24 . 65
8 64 . 72
61 6 . 67
80 30 . 110
96 72 . 168
97 51 . 148
89 1 . 90
85 46 . 131
63 2 . 65
28 91 . 119
99 78 . 177
12 30 . 42
93 70 . 163
59 72 . 131
96 19 . 115
9 14 . 23
9 5 . 14
29 39 . 68
67 90 . 157
32 43 . 75
41 59 . 100
63 75 . 138
52 20 . 72
11 62 . 73
52 80 . 132
92 52 . 144
31 74 . 105
63 39 . 102
10 96 . 106
43 60 . 103
82 8 . 90
48 61 . 109
18 19 . 37
82 24 . 106
93 22 . 115
0 22 . 22
34 0 . 34
77 52 . 129
75 19 . 94
82 66 . 148
10 47 . 57
86 65 . 151
64 60 . 124
62 26 . 88
48 85 . 133
87 78 . 165
92 44 . 136
60 25 . 85
65 88 . 153
68 32 . 100
40 44 . 84
85 15 . 100
97 22 . 119
53 53 . 106
29 33 . 62
6 30 . 36
61 29 . 90
45 97 . 142
67 31 . 98
95 67 . 162
4 45 . 49
66 38 . 104
15 5 . 20
6 0 . 6
64 56 . 120
1 69 . 70
92 67 . 159
59 17 . 76
45 70 . 115
12 75 . 87
79 44 . 123
57 57 . 114
8 22 . 30
58 37 . 95
0 60 . 60
90 27 . 117
35 16 . 51
44 18 . 62
66 79 . 145
53 66 . 119
77 66 . 143
77 5 . 82
26 13 . 39
16 98 . 114
62 69 . 131
54 47 . 101
77 61 . 138
76 32 . 108
35 36 . 71
66 52 . 118
25 55 . 80
40 98 . 138
11 34 . 45
36 18 . 54
9 59 . 68
52 52 . 104
35 23 . 58
33 12 . 45
31 78 . 109
76 7 . 83
44 24 . 68
42 81 . 123
53 84 . 137
48 27 . 75
81 68 . 149
45 27 . 72
19 20 . 39
30 22 . 52
43 63 . 106
82 7 . 89
94 24 . 118
90 91 . 181
82 10 . 92
95 82 . 177
94 85 . 179
66 87 . 153
22 89 . 111
96 60 . 156
81 2 . 83
31 28 . 59
39 34 . 73
8 88 . 96
28 49 . 77
0 43 . 43
10 45 . 55
28 77 . 105
76 78 . 154
12 0 . 12
45 45 . 90
39 40 . 79
56 13 . 69
52 27 . 79
12 38 . 50
99 73 . 172
23 14 . 37
93 19 . 112
8 89 . 97
70 7 . 77
47 7 . 54
33 92 . 125
97 6 . 103
29 69 . 98
72 67 . 139
21 6 . 27
92 23 . 115
32 38 . 70
48 94 . 142
85 50 . 135
27 69 . 96
70 50 . 120
87 39 . 126
86 52 . 138
53 68 . 121
56 17 . 73
92 77 . 169
83 97 . 180
74 43 . 117
79 51 . 130
9 20 . 29
37 67 . 104
87 96 . 183
6 39 . 45
40 90 . 130
13 16 . 29
53 63 . 116
87 69 . 156
41 55 . 96
56 29 . 85
59 76 . 135
77 77 . 154
51 25 . 76
54 66 . 120
44 90 . 134
73 59 . 132
16 4 . 20
64 64 . 128
2 43 . 45
6 99 . 105
54 19 . 73
79 11 . 90
44 81 . 125
72 1 . 73
87 40 . 127
16 34 . 50
90 55 . 145
45 33 . 78
75 84 . 159
80 31 . 111
45 22 . 67
78 65 . 143
74 84 . 158
65 18 . 83
84 80 . 164
8 95 . 103
13 38 . 51
42 31 . 73
43 38 . 81
74 51 . 125
3 38 . 41
66 23 . 89
80 66 . 146
9 68 . 77
73 98 . 171
4 13 . 17
92 50 . 142
80 98 . 178
95 99 . 194
63 41 . 104
3 42 . 45
38 23 . 61
98 61 . 159
98 2 . 100
11 9 . 20
72 98 . 170
34 96 . 130
52 84 . 136
1 26 . 27
93 86 . 179
81 30 . 111
6 36 . 42
7 81 . 88
55 63 . 118
89 82 . 171
89 51 . 140
49 96 . 145
36 76 . 112
98 97 . 195
87 47 . 134
73 17 . 90
31 45 . 76
4 92 . 96
60 72 . 132
25 2 . 27
9 46 . 55
80 91 . 171
18 87 . 105
9 54 . 63
5 31 . 36
57 26 . 83
73 27 . 100
36 56 . 92
82 67 . 149
78 29 . 107
54 67 . 121
52 11 . 63
28 60 . 88
27 42 . 69
94 45 . 139
54 7 . 61
76 11 . 87
88 80 . 168
47 50 . 97
25 75 . 100
43 64 . 107
37 42 . 79
36 1 . 37
37 62 . 99
28 8 . 36
76 96 . 172
23 78 . 101
73 84 . 157
48 10 . 58
33 53 . 86
44 29 . 73
68 42 . 110
93 37 . 130
81 94 . 175
68 95 . 163
65 77 . 142
42 1 . 43
21 59 . 80
14 30 . 44
73 97 . 170
4 25 . 29
76 69 . 145
56 38 . 94
59 36 . 95
29 73 . 102
98 43 . 141
98 66 . 164
61 12 . 73
85 86 . 171
54 23 . 77
74 13 . 87
3 57 . 60
77 22 . 99
68 13 . 81
76 85 . 161
38 25 . 63
80 67 . 147
36 7 . 43
20 85 . 105
47 62 . 109
39 91 . 130
15 79 . 94
78 88 . 166
71 70 . 141
87 38 . 125
59 94 . 153
50 58 . 108
7 41 . 48
81 36 . 117
24 38 . 62
5 4 . 9
35 51 . 86
27 97 . 124
89 98 . 187
1 53 . 54
30 54 . 84
12 71 . 83
90 1 . 91
31 29 . 60
9 78 . 87
71 95 . 166
9 24 . 33
51 5 . 56
66 72 . 138
71 4 . 75
10 1 . 11
66 40 . 106
42 73 . 115
11 56 . 67
51 6 . 57
5 11 . 16
56 22 . 78
92 9 . 101
29 76 . 105
35 52 . 87
22 50 . 72
62 97 . 159
96 27 . 123
49 93 . 142
14 93 . 107
1 66 . 67
51 17 . 68
66 45 . 111
82 51 . 133
56 41 . 97
84 37 . 121
66 26 . 92
23 10 . 33
11 26 . 37
2 41 . 43
79 43 . 122
6 75 . 81
8 39 . 47
35 21 . 56
25 20 . 45
23 17 . 40
37 37 . 74
98 82 . 180
55 2 . 57
47 32 . 79
45 85 . 130
20 32 . 52
0 49 . 49
41 23 . 64
53 4 . 57
52 63 . 115
19 14 . 33
62 10 . 72
96 82 . 178
15 46 . 61
44 67 . 111
1 7 . 8
20 46 . 66
96 42 . 138
93 6 . 99
16 24 . 40
32 81 . 113
26 81 . 107
8 11 . 19
93 9 . 102
9 23 . 32
55 27 . 82
78 57 . 135
63 37 . 100
16 46 . 62
3 55 . 58
18 25 . 43
66 59 . 125
89 32 . 121
45 58 . 103
67 60 . 127
95 53 . 148
18 55 . 73
85 79 . 164
46 53 . 99
16 9 . 25
21 62 . 83
99 80 . 179
27 29 . 56
79 82 . 161
83 46 . 129
66 43 . 109
82 93 . 175
97 12 . 109
90 24 . 114
31 1 . 32
97 85 . 182
82 20 . 102
96 93 . 189
65 68 . 133
21 83 . 104
97 8 . 105
73 64 . 137
49 85 . 134
38 20 . 58
46 49 . 95
18 96 . 114
16 44 . 60
21 11 . 32
76 79 . 155
58 56 . 114
17 60 . 77
31 64 . 95
34 93 . 127
45 1 . 46
77 59 . 136
79 18 . 97
22 12 . 34
53 37 . 90
18 31 . 49
25 7 . 32
15 30 . 45
36 63 . 99
35 66 . 101
63 61 . 124
80 53 . 133
41 14 . 55
61 66 . 127
65 20 . 85
45 99 . 144
93 47 . 140
80 58 . 138
40 10 . 50
30 58 . 88
94 94 . 188
79 4 . 83
49 58 . 107
39 62 . 101
88 98 . 186
68 58 . 126
92 17 . 109
54 43 . 97
11 17 . 28
35 71 . 106
14 22 . 36
99 18 . 117
54 89 . 143
28 53 . 81
8 42 . 50
64 74 . 138
82 64 . 146
73 51 . 124
76 64 . 140
82 17 . 99
29 36 . 65
39 98 . 137
94 51 . 145
71 96 . 167
79 59 . 138
39 54 . 93
91 8 . 99
95 80 . 175
0 21 . 21
94 67 . 161
17 32 . 49
97 67 . 164
91 47 . 138
15 31 . 46
61 32 . 93
65 8 . 73
63 51 . 114
85 2 . 87
89 88 . 177
67 62 . 129
45 35 . 80
3 65 . 68
14 71 . 85
59 26 . 85
80 18 . 98
69 40 . 109
97 77 . 174
27 31 . 58
52 67 . 119
22 18 . 40
25 57 . 82
52 16 . 68
57 92 . 149
93 45 . 138
88 62 . 150
25 87 . 112
36 93 . 129
33 6 . 39
22 25 . 47
96 0 . 96
6 76 . 82
63 96 . 159
25 49 . 74
7 44 . 51
61 52 . 113
55 16 . 71
56 3 . 59
57 52 . 109
62 2 . 64
45 44 . 89
58 0 . 58
46 21 . 67
38 53 . 91
47 8 . 55
88 66 . 154
12 7 . 19
32 94 . 126
7 60 . 67
56 12 . 68
64 33 . 97
68 22 . 90
74 40 . 114
8 4 . 12
6 82 . 88
0 50 . 50
53 59 . 112
58 76 . 134
15 36 . 51
60 65 . 125
37 9 . 46
65 56 . 121
23 86 . 109
19 21 . 40
67 99 . 166
90 84 . 174
43 86 . 129
6 48 . 54
56 81 . 137
14 45 . 59
67 47 . 114
34 26 . 60
32 97 . 129
79 36 . 115
79 10 . 89
30 65 . 95
96 9 . 105
1 39 . 40
56 21 . 77
0 8 . 8
75 77 . 152
40 33 . 73
71 71 . 142
80 47 . 127
53 77 . 130
67 38 . 105
23 42 . 65
10 24 . 34
37 95 . 132
56 95 . 151
97 2 . 99
90 45 . 135
26 84 . 110
49 42 . 91
78 4 . 82
86 28 . 114
29 34 . 63
4 27 . 31
15 92 . 107
29 94 . 123
60 55 . 115
5 34 . 39
0 24 . 24
37 10 . 47
65 99 . 164
0 46 . 46
50 90 . 140
57 7 . 64
3 46 . 49
15 11 . 26
91 25 . 116
75 18 . 93
27 22 . 49
79 24 . 103
87 92 . 179
79 81 . 160
38 27 . 65
43 48 . 91
86 8 . 94
50 7 . 57
70 56 . 126
96 40 . 136
2 56 . 58
35 26 . 61
0 18 . 18
6 79 . 85
61 76 . 137
42 46 . 88
14 8 . 22
86 13 . 99
88 72 . 160
70 13 . 83
36 92 . 128
96 41 . 137
69 44 . 113
77 11 . 88
27 66 . 93
92 7 . 99
44 44 . 88
23 79 . 102
19 23 . 42
77 50 . 127
96 31 . 127
71 20 . 91
69 72 . 141
85 67 . 152
12 99 . 111
56 61 . 117
27 82 . 109
83 83 . 166
69 81 . 150
33 17 . 50
76 91 . 167
30 93 . 123
94 65 . 159
36 94 . 130
42 97 . 139
35 79 . 114
15 71 . 86
14 37 . 51
35 97 . 132
90 71 . 161
22 69 . 91
19 82 . 101
38 92 . 130
1 9 . 10
46 60 . 106
31 50 . 81
69 59 . 128
79 97 . 176
36 80 . 116
43 20 . 63
96 22 . 118
50 38 . 88
80 79 . 159
68 24 . 92
38 93 . 131
63 76 . 139
66 17 . 83
84 92 . 176
77 48 . 125
13 67 . 80
59 82 . 141
68 82 . 150
3 8 . 11
23 95 . 118
4 50 . 54
4 68 . 72
50 52 . 102
54 96 . 150
82 83 . 165
16 71 . 87
47 21 . 68
16 66 . 82
1 61 . 62
35 63 . 98
64 97 . 161
59 60 . 119
33 78 . 111
77 7 . 84
23 97 . 120
94 98 . 192
44 94 . 138
95 95 . 190
6 94 . 100
99 8 . 107
67 21 . 88
25 40 . 65
57 30 . 87
13 17 . 30
50 56 . 106
36 54 . 90
17 24 . 41
33 16 . 49
34 24 . 58
88 83 . 171
69 4 . 73
43 78 . 121
89 93 . 182
6 10 . 16
7 4 . 11
30 11 . 41
18 51 . 69
41 13 . 54
70 94 . 164
98 50 . 148
62 64 . 126
63 58 . 121
49 98 . 147
79 50 . 129
6 45 . 51
35 73 . 108
6 35 . 41
57 97 . 154
27 53 . 80
61 83 . 144
97 16 . 113
30 46 . 76
78 25 . 103
3 84 . 87
52 69 . 121
58 52 . 110
75 73 . 148
95 14 . 109
38 36 . 74
78 91 . 169
19 40 . 59
79 9 . 88
73 23 . 96
58 95 . 153
10 72 . 82
57 72 . 129
19 6 . 25
2 10 . 12
76 54 . 130
62 45 . 107
39 7 . 46
71 68 . 139
32 24 . 56
79 14 . 93
84 64 . 148
29 9 . 38
24 64 . 88
84 87 . 171
25 94 . 119
54 93 . 147
87 27 . 114
18 30 . 48
64 22 . 86
82 88 . 170
69 41 . 110
35 99 . 134
10 84 . 94
46 12 . 58
92 2 . 94
44 25 . 69
14 50 . 64
87 31 . 118
96 23 . 119
47 37 . 84
19 42 . 61
55 51 . 106
23 98 . 121
34 53 . 87
95 91 . 186
84 84 . 168
7 53 . 60
44 51 . 95
67 86 . 153
36 39 . 75
30 78 . 108
90 48 . 138
63 86 . 149
84 24 . 108
10 36 . 46
35 11 . 46
77 33 . 110
40 30 . 70
64 63 . 127
36 90 . 126
13 96 . 109
24 83 . 107
62 62 . 124
60 3 . 63
35 85 . 120
67 0 . 67
18 61 . 79
86 16 . 102
82 74 . 156
37 7 . 44
58 61 . 119
39 84 . 123
89 43 . 132
31 70 . 101
22 44 . 66
66 94 . 160
72 64 . 136
86 3 . 89
33 84 . 117
61 88 . 149
52 4 . 56
60 40 . 100
45 39 . 84
11 75 . 86
46 31 . 77
45 5 . 50
47 5 . 52
73 69 . 142
76 2 . 78
13 93 . 106
54 88 . 142
46 58 . 104
32 45 . 77
15 64 . 79
98 45 . 143
32 57 . 89
23 30 . 53
71 63 . 134
32 60 . 92
47 24 . 71
75 95 . 170
33 30 . 63
95 34 . 129
77 96 . 173
36 52 . 88
40 15 . 55
59 50 . 109
49 53 . 102
24 35 . 59
37 28 . 65
60 71 . 131
13 84 . 97
50 9 . 59
19 3 . 22
21 3 . 24
85 77 . 162
49 76 . 125
92 27 . 119
41 44 . 85
76 41 . 117
39 17 . 56
46 11 . 57
48 22 . 70
55 17 . 72
59 89 . 148
15 25 . 40
77 0 . 77
41 47 . 88
96 80 . 176
97 50 . 147
30 90 . 120
79 75 . 154
5 97 . 102
98 63 . 161
74 39 . 113
35 14 . 49
14 33 . 47
9 47 . 56
97 29 . 126
16 2 . 18
93 87 . 180
54 78 . 132
10 93 . 103
70 87 . 157
7 35 . 42
71 6 . 77
9 87 . 96
39 92 . 131
62 44 . 106
18 24 . 42
17 2 . 19
13 77 . 90
22 15 . 37
54 53 . 107
88 52 . 140
37 16 . 53
69 98 . 167
56 67 . 123
49 60 . 109
10 75 . 85
55 83 . 138
90 81 . 171
23 27 . 50
90 53 . 143
91 36 . 127
51 30 . 81
16 1 . 17
94 72 . 166
17 97 . 114
46 88 . 134
80 86 . 166
93 2 . 95
83 57 . 140
59 33 . 92
65 31 . 96
32 87 . 119
91 50 . 141
72 76 . 148
12 17 . 29
46 50 . 96
43 53 . 96
68 73 . 141
35 50 . 85
30 7 . 37
12 53 . 65
85 74 . 159
97 28 . 125
5 87 . 92
7 87 . 94
13 0 . 13
72 44 . 116
70 42 . 112
21 41 . 62
64 70 . 134
44 73 . 117
54 83 . 137
99 11 . 110
10 69 . 79
0 99 . 99
38 22 . 60
57 76 . 133
64 12 . 76
92 45 . 137
33 86 . 119
19 99 . 118
35 86 . 121
55 32 . 87
47 48 . 95
89 81 . 170
95 35 . 130
67 16 . 83
65 97 . 162
18 48 . 66
43 87 . 130
32 84 . 116
51 32 . 83
68 14 . 82
40 1 . 41
84 11 . 95
90 35 . 125
22 72 . 94
6 63 . 69
20 18 . 38
55 20 . 75
55 69 . 124
64 94 . 158
84 78 . 162
10 74 . 84
76 25 . 101
72 33 . 105
63 21 . 84
80 70 . 150
60 38 . 98
89 60 . 149
48 48 . 96
37 20 . 57
6 27 . 33
18 47 . 65
97 66 . 163
25 33 . 58
20 81 . 101
46 25 . 71
92 1 . 93
54 11 . 65
32 98 . 130
14 51 . 65
32 92 . 124
70 95 . 165
46 52 . 98
44 34 . 78
49 74 . 123
9 35 . 44
19 57 . 76
53 8 . 61
86 27 . 113
70 67 . 137
27 49 . 76
65 73 . 138
52 94 . 146
16 87 . 103
42 36 . 78
52 53 . 105
62 0 . 62
75 49 . 124
8 83 . 91
54 41 . 95
0 11 . 11
40 76 . 116
36 34 . 70
51 54 . 105
0 7 . 7
0 94 . 94
86 17 . 103
63 99 . 162
59 96 . 155
85 22 . 107
66 4 . 70
6 34 . 40
96 20 . 116
37 64 . 101
63 1 . 64
32 77 . 109
21 77 . 98
60 24 . 84
96 84 . 180
73 25 . 98
23 11 . 34
49 78 . 127
15 51 . 66
76 45 . 121
21 27 . 48
82 57 . 139
81 92 . 173
32 53 . 85
22 32 . 54
70 17 . 87
30 50 . 80
38 58 . 96
26 20 . 46
50 34 . 84
82 63 . 145
50 57 . 107
72 4 . 76
48 35 . 83
14 29 . 43
66 25 . 91
91 98 . 189
70 77 . 147
4 17 . 21
62 81 . 143
70 84 . 154
49 39 . 88
0 57 . 57
95 51 . 146
88 74 . 162
59 15 . 74
22 88 . 110
94 11 . 105
67 17 . 84
34 28 . 62
57 15 . 72
68 17 . 85
11 42 . 53
23 90 . 113
38 38 . 76
28 47 . 75
81 76 . 157
43 3 . 46
78 11 . 89
63 28 . 91
88 42 . 130
42 44 . 86
70 57 . 127
3 76 . 79
74 52 . 126
91 6 . 97
26 69 . 95
0 27 . 27
88 40 . 128
58 78 . 136
43 1 . 44
59 97 . 156
55 21 . 76
69 86 . 155
84 67 . 151
85 9 . 94
38 55 . 93
13 62 . 75
90 32 . 122
88 45 . 133
51 80 . 131
61 84 . 145
10 34 . 44
90 69 . 159
6 43 . 49
51 76 . 127
91 63 . 154
26 48 . 74
26 23 . 49
72 85 . 157
81 13 . 94
64 92 . 156
0 88 . 88
65 10 . 75
21 68 . 89
28 78 . 106
75 9 . 84
60 87 . 147
32 25 . 57
28 45 . 73
57 12 . 69
80 37 . 117
80 20 . 100
41 8 . 49
7 98 . 105
42 79 . 121
18 54 . 72
74 30 . 104
98 65 . 163
80 44 . 124
3 69 . 72
92 40 . 132
49 64 . 113
81 25 . 106
15 39 . 54
12 47 . 59
54 80 . 134
31 61 . 92
54 52 . 106
26 16 . 42
43 16 . 59
0 4 . 4
39 28 . 67
5 54 . 59
38 62 . 100
13 91 . 104
57 96 . 153
57 9 . 66
40 40 . 80
58 70 . 128
3 77 . 80
88 60 . 148
19 16 . 35
89 97 . 186
15 70 . 85
35 27 . 62
97 87 . 184
53 87 . 140
8 37 . 45
33 60 . 93
24 85 . 109
64 67 . 131
13 14 . 27
12 76 . 88
54 15 . 69
83 29 . 112
26 10 . 36
42 69 . 111
10 50 . 60
26 40 . 66
76 20 . 96
59 64 . 123
32 56 . 88
23 53 . 76
95 66 . 161
75 62 . 137
7 22 . 29
36 89 . 125
21 33 . 54
93 93 . 186
19 22 . 41
34 89 . 123
62 6 . 68
60 50 . 110
40 16 . 56
87 24 . 111
92 92 . 184
53 81 . 134
87 62 . 149
30 20 . 50
87 88 . 175
62 89 . 151
53 35 . 88
88 23 . 111
28 11 . 39
53 92 . 145
65 59 . 124
42 50 . 92
98 3 . 101
88 73 . 161
48 28 . 76
32 41 . 73
6 32 . 38
10 4 . 14
62 52 . 114
60 6 . 66
74 25 . 99
51 47 . 98
57 2 . 59
76 87 . 163
60 57 . 117
48 4 . 52
5 71 . 76
12 10 . 22
48 75 . 123
72 15 . 87
15 50 . 65
54 22 . 76
17 80 . 97
23 28 . 51
4 77 . 81
69 54 . 123
97 40 . 137
94 42 . 136
46 23 . 69
42 85 . 127
6 16 . 22
51 50 . 101
0 90 . 90
24 51 . 75
68 46 . 114
91 71 . 162
1 29 . 30
95 48 . 143
44 82 . 126
69 67 . 136
75 57 . 132
2 53 . 55
11 38 . 49
37 60 . 97
9 31 . 40
29 74 . 103
79 95 . 174
1 64 . 65
65 42 . 107
66 70 . 136
40 14 . 54
68 26 . 94
20 57 . 77
43 88 . 131
67 10 . 77
73 71 . 144
49 51 . 100
13 90 . 103
79 58 . 137
76 35 . 111
13 94 . 107
31 59 . 90
10 52 . 62
28 19 . 47
56 37 . 93
90 16 . 106
51 72 . 123
86 49 . 135
59 98 . 157
81 72 . 153
63 94 . 157
81 60 . 141
2 2 . 4
55 91 . 146
65 35 . 100
6 98 . 104
74 22 . 96
95 90 . 185
60 8 . 68
26 54 . 80
74 90 . 164
87 95 . 182
52 29 . 81
27 25 . 52
44 76 . 120
29 58 . 87
49 36 . 85
88 17 . 105
46 35 . 81
39 75 . 114
8 17 . 25
18 57 . 75
69 16 . 85
92 88 . 180
61 67 . 128
93 85 . 178
72 38 . 110
15 98 . 113
23 43 . 66
54 91 . 145
96 65 . 161
10 42 . 52
69 50 . 119
15 53 . 68
81 91 . 172
38 86 . 124
99 81 . 180
8 8 . 16
48 33 . 81
16 39 . 55
18 1 . 19
97 14 . 111
74 56 . 130
31 51 . 82
62 20 . 82
41 87 . 128
3 25 . 28
69 89 . 158
89 47 . 136
79 38 . 117
64 48 . 112
88 30 . 118
11 61 . 72
33 31 . 64
93 12 . 105
47 95 . 142
0 71 . 71
16 61 . 77
81 48 . 129
52 70 . 122
43 77 . 120
38 42 . 80
89 39 . 128
46 43 . 89
58 21 . 79
79 86 . 165
7 40 . 47
36 28 . 64
20 24 . 44
69 94 . 163
17 50 . 67
68 30 . 98
78 92 . 170
17 18 . 35
27 32 . 59
72 45 . 117
13 88 . 101
18 81 . 99
48 52 . 100
89 66 . 155
18 85 . 103
74 87 . 161
39 24 . 63
64 89 . 153
37 39 . 76
72 82 . 154
69 61 . 130
91 7 . 98
87 28 . 115
19 8 . 27
52 8 . 60
2 35 . 37
99 92 . 191
15 94 . 109
64 27 . 91
43 47 . 90
75 16 . 91
15 78 . 93
60 22 . 82
9 40 . 49
52 71 . 123
56 54 . 110
92 49 . 141
67 55 . 122
53 67 . 120
34 65 . 99
20 63 . 83
80 80 . 160
93 15 . 108
30 84 . 114
15 60 . 75
57 84 . 141
15 58 . 73
49 48 . 97
17 99 . 116
25 89 . 114
41 85 . 126
53 91 . 144
4 39 . 43
46 72 . 118
45 63 . 108
79 89 . 168
15 24 . 39
78 73 . 151
28 46 . 74
92 91 . 183
56 1 . 57
26 0 . 26
97 72 . 169
12 12 . 24
87 83 . 170
12 50 . 62
89 27 . 116
53 73 . 126
28 95 . 123
36 99 . 135
27 24 . 51
77 90 . 167
26 6 . 32
65 65 . 130
28 29 . 57
82 86 . 168
26 72 . 98
51 96 . 147
36 20 . 56
54 97 . 151
15 33 . 48
69 9 . 78
9 12 . 21
35 41 . 76
41 77 . 118
44 52 . 96
35 5 . 40
21 94 . 115
81 73 . 154
61 22 . 83
8 30 . 38
95 7 . 102
82 92 . 174
70 8 . 78
50 87 . 137
22 98 . 120
77 94 . 171
6 58 . 64
50 65 . 115
78 95 . 173
99 83 . 182
20 88 . 108
4 31 . 35
49 6 . 55
23 50 . 73
3 27 . 30
6 24 . 30
32 26 . 58
53 96 . 149
54 59 . 113
33 4 . 37
30 37 . 67
99 99 . 198
43 82 . 125
46 87 . 133
75 36 . 111
38 8 . 46
74 68 . 142
47 30 . 77
81 22 . 103
33 83 . 116
98 28 . 126
25 97 . 122
29 67 . 96
92 85 . 177
61 91 . 152
22 20 . 42
31 41 . 72
58 64 . 122
14 18 . 32
61 41 . 102
48 97 . 145
16 99 . 115
65 83 . 148
93 44 . 137
9 81 . 90
49 43 . 92
13 98 . 111
46 80 . 126
5 3 . 8
62 30 . 92
81 0 . 81
63 97 . 160
29 68 . 97
54 34 . 88
22 31 . 53
91 88 . 179
53 14 . 67
25 13 . 38
73 3 . 76
42 35 . 77
78 38 . 116
8 49 . 57
42 21 . 63
59 19 . 78
73 57 . 130
14 31 . 45
24 74 . 98
49 30 . 79
7 88 . 95
88 95 . 183
89 17 . 106
19 39 . 58
26 29 . 55
45 11 . 56
99 25 . 124
99 41 . 140
16 11 . 27
7 64 . 71
96 3 . 99
62 92 . 154
12 66 . 78
67 75 . 142
56 40 . 96
28 58 . 86
1 95 . 96
3 32 . 35
21 30 . 51
10 83 . 93
37 79 . 116
88 57 . 145
47 81 . 128
54 99 . 153
72 70 . 142
30 70 . 100
1 2 . 3
36 97 . 133
10 21 . 31
54 74 . 128
29 79 . 108
54 46 . 100
57 63 . 120
8 75 . 83
65 51 . 116
36 9 . 45
28 93 . 121
9 70 . 79
24 42 . 66
89 71 . 160
32 62 . 94
18 38 . 56
12 68 . 80
74 80 . 154
92 48 . 140
94 61 . 155
3 58 . 61
21 39 . 60
54 48 . 102
52 17 . 69
11 72 . 83
2 45 . 47
17 87 . 104
6 70 . 76
1 34 . 35
12 95 . 107
74 14 . 88
93 11 . 104
76 53 . 129
51 90 . 141
2 95 . 97
2 52 . 54
44 38 . 82
78 72 . 150
79 79 . 158
87 20 . 107
42 62 . 104
21 88 . 109
67 74 . 141
15 69 . 84
9 82 . 91
98 68 . 166
22 52 . 74
95 13 . 108
93 60 . 153
35 80 . 115
62 50 . 112
71 17 . 88
70 69 . 139
62 19 . 81
75 22 . 97
48 13 . 61
10 97 . 107
49 33 . 82
33 55 . 88
93 23 . 116
22 3 . 25
39 18 . 57
69 20 . 89
1 88 . 89
85 70 . 155
49 41 . 90
48 67 . 115
94 91 . 185
10 81 . 91
64 11 . 75
22 21 . 43
48 44 . 92
93 51 . 144
57 46 . 103
4 75 . 79
92 47 . 139
22 67 . 89
49 63 . 112
75 66 . 141
93 88 . 181
88 47 . 135
48 1 . 49
81 23 . 104
6 31 . 37
55 81 . 136
64 47 . 111
28 61 . 89
91 91 . 182
27 80 . 107
76 97 . 173
28 92 . 120
70 33 . 103
35 32 . 67
50 8 . 58
5 93 . 98
48 71 . 119
72 41 . 113
46 27 . 73
44 96 . 140
42 64 . 106
83 15 . 98
77 68 . 145
77 93 . 170
45 75 . 120
72 19 . 91
36 71 . 107
12 74 . 86
13 39 . 52
68 84 . 152
17 85 . 102
17 5 . 22
58 47 . 105
28 82 . 110
71 62 . 133
99 33 . 132
78 80 . 158
3 75 . 78
0 5 . 5
73 77 . 150
2 50 . 52
95 74 . 169
51 41 . 92
34 8 . 42
0 97 . 97
82 33 . 115
13 80 . 93
96 96 . 192
30 9 . 39
59 67 . 126
85 65 . 150
43 12 . 55
37 4 . 41
76 67 . 143
45 13 . 58
36 12 . 48
37 73 . 110
45 69 . 114
25 69 . 94
2 86 . 88
31 76 . 107
6 56 . 62
65 38 . 103
67 1 . 68
4 58 . 62
71 2 . 73
13 11 . 24
24 31 . 55
92 30 . 122
33 41 . 74
38 19 . 57
61 43 . 104
94 49 . 143
92 13 . 105
36 53 . 89
52 98 . 150
45 40 . 85
53 26 . 79
32 58 . 90
13 64 . 77
70 28 . 98
0 3 . 3
78 55 . 133
59 13 . 72
56 47 . 103
37 50 . 87
38 81 . 119
76 83 . 159
70 10 . 80
10 32 . 42
10 60 . 70
95 9 . 104
72 77 . 149
42 57 . 99
64 90 . 154
56 4 . 60
5 57 . 62
99 50 . 149
45 64 . 109
22 22 . 44
94 93 . 187
5 20 . 25
70 16 . 86
44 91 . 135
99 47 . 146
71 76 . 147
55 39 . 94
4 80 . 84
39 20 . 59
0 92 . 92
87 67 . 154
25 98 . 123
1 57 . 58
11 2 . 13
94 95 . 189
72 92 . 164
55 74 . 129
70 98 . 168
70 25 . 95
34 76 . 110
35 38 . 73
18 35 . 53
83 6 . 89
44 77 . 121
93 40 . 133
10 78 . 88
94 30 . 124
77 78 . 155
55 37 . 92
5 39 . 44
48 5 . 53
97 9 . 106
35 43 . 78
91 82 . 173
26 31 . 57
2 24 . 26
29 0 . 29
2 32 . 34
10 61 . 71
24 57 . 81
16 51 . 67
60 53 . 113
88 12 . 100
82 32 . 114
83 35 . 118
11 88 . 99
19 47 . 66
3 85 . 88
21 99 . 120
16 47 . 63
93 91 . 184
16 3 . 19
71 51 . 122
31 0 . 31
99 72 . 171
63 9 . 72
98 67 . 165
92 6 . 98
40 67 . 107
60 98 . 158
50 6 . 56
88 15 . 103
92 73 . 165
48 66 . 114
36 24 . 60
37 74 . 111
53 47 . 100
34 71 . 105
70 79 . 149
49 21 . 70
69 80 . 149
44 21 . 65
96 67 . 163
81 17 . 98
79 98 . 177
71 80 . 151
71 92 . 163
23 4 . 27
68 36 . 104
81 35 . 116
59 75 . 134
60 41 . 101
2 73 . 75
11 68 . 79
94 54 . 148
91 85 . 176
26 51 . 77
42 12 . 54
8 57 . 65
22 57 . 79
31 81 . 112
96 33 . 129
25 65 . 90
8 25 . 33
70 37 . 107
78 20 . 98
94 16 . 110
75 41 . 116
91 26 . 117
68 19 . 87
43 31 . 74
85 85 . 170
48 29 . 77
53 56 . 109
31 99 . 130
56 8 . 64
25 96 . 121
6 20 . 26
99 7 . 106
83 34 . 117
35 30 . 65
9 42 . 51
11 74 . 85
0 76 . 76
21 75 . 96
43 17 . 60
86 76 . 162
29 62 . 91
81 54 . 135
61 2 . 63
49 82 . 131
10 59 . 69
21 43 . 64
93 27 . 120
47 3 . 50
5 69 . 74
11 14 . 25
28 22 . 50
30 76 . 106
97 43 . 140
77 63 . 140
19 45 . 64
24 66 . 90
47 60 . 107
18 15 . 33
17 29 . 46
45 55 . 100
2 44 . 46
77 82 . 159
82 13 . 95
66 69 . 135
45 24 . 69
26 77 . 103
69 51 . 120
95 30 . 125
67 88 . 155
11 59 . 70
46 26 . 72
96 29 . 125
7 65 . 72
41 74 . 115
67 7 . 74
55 61 . 116
4 99 . 103
76 1 . 77
41 62 . 103
0 15 . 15
28 90 . 118
99 23 . 122
93 48 . 141
6 86 . 92
23 82 . 105
27 17 . 44
45 59 . 104
9 4 . 13
98 37 . 135
0 78 . 78
22 4 . 26
65 45 . 110
55 82 . 137
24 52 . 76
2 5 . 7
59 71 . 130
82 14 . 96
79 33 . 112
92 69 . 161
18 98 . 116
3 59 . 62
81 64 . 145
64 29 . 93
12 77 . 89
48 96 . 144
87 71 . 158
44 36 . 80
18 29 . 47
49 97 . 146
84 97 . 181
16 30 . 46
77 74 . 151
28 6 . 34
59 59 . 118
88 44 . 132
23 16 . 39
50 74 . 124
32 42 . 74
91 9 . 100
82 94 . 176
4 11 . 15
92 60 . 152
95 96 . 191
66 85 . 151
1 25 . 26
66 30 . 96
75 5 . 80
7 5 . 12
23 23 . 46
40 83 . 123
70 29 . 99
81 98 . 179
56 98 . 154
54 95 . 149
19 84 . 103
14 16 . 30
7 55 . 62
36 26 . 62
4 83 . 87
56 14 . 70
98 47 . 145
57 90 . 147
43 11 . 54
68 68 . 136
98 21 . 119
85 57 . 142
99 86 . 185
78 52 . 130
77 99 . 176
34 88 . 122
22 26 . 48
19 58 . 77
85 29 . 114
60 83 . 143
66 15 . 81
57 62 . 119
72 50 . 122
80 11 . 91
10 87 . 97
61 44 . 105
33 35 . 68
68 56 . 124
91 86 . 177
36 37 . 73
78 79 . 157
75 15 . 90
96 36 . 132
7 94 . 101
3 10 . 13
91 31 . 122
68 0 . 68
0 28 . 28
30 38 . 68
1 6 . 7
76 4 . 80
85 64 . 149
73 56 . 129
39 50 . 89
87 45 . 132
68 5 . 73
1 20 . 21
78 5 . 83
84 20 . 104
9 89 . 98
98 0 . 98
71 98 . 169
84 5 . 89
7 13 . 20
29 4 . 33
48 30 . 78
23 80 . 103
75 37 . 112
74 44 . 118
57 35 . 92
81 16 . 97
80 16 . 96
65 62 . 127
31 68 . 99
46 90 . 136
96 79 . 175
46 86 . 132
29 87 . 116
85 23 . 108
44 11 . 55
38 28 . 66
38 89 . 127
77 36 . 113
54 79 . 133
3 52 . 55
73 82 . 155
1 99 . 100
56 26 . 82
10 80 . 90
37 46 . 83
49 22 . 71
25 83 . 108
78 12 . 90
94 19 . 113
91 37 . 128
69 35 . 104
35 96 . 131
45 15 . 60
67 79 . 146
95 3 . 98
84 6 . 90
66 41 . 107
61 26 . 87
41 90 . 131
42 93 . 135
27 77 . 104
31 56 . 87
31 16 . 47
5 29 . 34
42 74 . 116
8 92 . 100
12 96 . 108
60 36 . 96
18 49 . 67
83 7 . 90
29 19 . 48
57 51 . 108
36 73 . 109
87 89 . 176
29 81 . 110
34 38 . 72
60 80 . 140
60 77 . 137
92 93 . 185
87 30 . 117
20 97 . 117
23 18 . 41
18 43 . 61
87 63 . 150
29 72 . 101
43 4 . 47
85 55 . 140
16 36 . 52
63 88 . 151
8 20 . 28
67 15 . 82
82 16 . 98
80 92 . 172
4 18 . 22
40 86 . 126
11 96 . 107
12 14 . 26
56 51 . 107
73 86 . 159
90 99 . 189
39 69 . 108
34 99 . 133
49 70 . 119
63 93 . 156
48 7 . 55
29 40 . 69
51 1 . 52
31 88 . 119
39 68 . 107
79 90 . 169
91 21 . 112
1 81 . 82
44 19 . 63
0 47 . 47
2 9 . 11
51 99 . 150
5 10 . 15
91 66 . 157
58 88 . 146
31 84 . 115
72 48 . 120
1 49 . 50
48 42 . 90
50 32 . 82
4 54 . 58
36 17 . 53
89 29 . 118
89 30 . 119
55 54 . 109
71 82 . 153
69 37 . 106
75 96 . 171
76 98 . 174
45 34 . 79
80 3 . 83
84 1 . 85
17 47 . 64
0 44 . 44
13 8 . 21
94 60 . 154
99 40 . 139
75 88 . 163
77 42 . 119
75 75 . 150
49 57 . 106
95 84 . 179
10 54 . 64
0 23 . 23
97 38 . 135
71 77 . 148
97 11 . 108
13 3 . 16
21 16 . 37
24 86 . 110
65 32 . 97
63 50 . 113
41 53 . 94
56 9 . 65
55 89 . 144
83 62 . 145
51 37 . 88
15 63 . 78
40 70 . 110
0 53 . 53
59 46 . 105
32 7 . 39
71 55 . 126
38 2 . 40
52 14 . 66
49 67 . 116
73 73 . 146
51 62 . 113
92 96 . 188
80 90 . 170
33 63 . 96
50 44 . 94
74 91 . 165
82 11 . 93
38 26 . 64
41 98 . 139
59 2 . 61
97 39 . 136
18 37 . 55
92 90 . 182
67 11 . 78
15 10 . 25
42 28 . 70
88 18 . 106
89 77 . 166
51 91 . 142
61 47 . 108
15 1 . 16
85 21 . 106
53 44 . 97
0 41 . 41
34 13 . 47
14 6 . 20
35 25 . 60
49 89 . 138
80 40 . 120
9 44 . 53
71 22 . 93
63 32 . 95
79 1 . 80
54 49 . 103
15 61 . 76
97 82 . 179
44 65 . 109
26 9 . 35
78 68 . 146
41 68 . 109
87 72 . 159
27 15 . 42
30 79 . 109
56 27 . 83
23 62 . 85
76 62 . 138
15 95 . 110
9 3 . 12
35 44 . 79
33 3 . 36
8 74 . 82
62 7 . 69
9 0 . 9
90 98 . 188
12 52 . 64
18 42 . 60
65 67 . 132
42 61 . 103
39 43 . 82
56 90 . 146
70 20 . 90
16 49 . 65
61 4 . 65
12 91 . 103
83 47 . 130
91 35 . 126
89 16 . 105
98 11 . 109
70 61 . 131
28 28 . 56
1 75 . 76
69 14 . 83
65 82 . 147
97 24 . 121
43 45 . 88
91 15 . 106
71 27 . 98
82 3 . 85
9 32 . 41
65 1 . 66
64 18 . 82
1 44 . 45
5 96 . 101
94 23 . 117
45 46 . 91
6 77 . 83
53 70 . 123
66 50 . 116
80 57 . 137
97 80 . 177
75 26 . 101
69 74 . 143
71 9 . 80
31 66 . 97
12 62 . 74
25 9 . 34
72 72 . 144
25 50 . 75
38 64 . 102
8 67 . 75
15 84 . 99
91 49 . 140
58 39 . 97
53 40 . 93
55 56 . 111
6 9 . 15
52 93 . 145
5 43 . 48
58 82 . 140
34 21 . 55
17 7 . 24
24 23 . 47
2 27 . 29
74 28 . 102
55 77 . 132
5 95 . 100
3 31 . 34
12 48 . 60
42 78 . 120
17 76 . 93
98 14 . 112
79 84 . 163
42 6 . 48
7 52 . 59
88 94 . 182
81 14 . 95
32 75 . 107
32 18 . 50
93 98 . 191
2 68 . 70
7 29 . 36
19 12 . 31
5 94 . 99
91 27 . 118
92 74 . 166
86 57 . 143
1 3 . 4
87 80 . 167
14 1 . 15
99 32 . 131
55 88 . 143
41 78 . 119
5 83 . 88
60 54 . 114
9 10 . 19
90 25 . 115
76 66 . 142
9 61 . 70
50 41 . 91
66 11 . 77
51 51 . 102
14 21 . 35
94 9 . 103
64 99 . 163
79 99 . 178
73 8 . 81
79 68 . 147
89 41 . 130
18 50 . 68
32 70 . 102
87 77 . 164
59 86 . 145
72 93 . 165
33 37 . 70
88 9 . 97
7 63 . 70
69 56 . 125
21 26 . 47
24 88 . 112
86 96 . 182
96 73 . 169
34 47 . 81
29 45 . 74
26 60 . 86
57 71 . 128
37 71 . 108
72 23 . 95
4 28 . 32
55 19 . 74
48 23 . 71
61 36 . 97
71 81 . 152
97 60 . 157
90 90 . 180
1 70 . 71
43 70 . 113
86 50 . 136
44 32 . 76
24 69 . 93
23 89 . 112
77 31 . 108
20 58 . 78
25 63 . 88
2 88 . 90
19 25 . 44
56 71 . 127
54 68 . 122
30 41 . 71
3 12 . 15
27 7 . 34
40 41 . 81
27 34 . 61
18 95 . 113
72 30 . 102
55 13 . 68
29 99 . 128
44 84 . 128
33 51 . 84
49 71 . 120
48 58 . 106
26 58 . 84
19 71 . 90
81 87 . 168
97 74 . 171
74 33 . 107
60 51 . 111
53 25 . 78
99 5 . 104
80 12 . 92
84 25 . 109
97 15 . 112
19 4 . 23
64 17 . 81
20 42 . 62
30 26 . 56
64 80 . 144
91 67 . 158
68 59 . 127
74 99 . 173
40 49 . 89
79 13 . 92
76 52 . 128
88 41 . 129
85 10 . 95
11 48 . 59
5 19 . 24
3 41 . 44
22 33 . 55
3 17 . 20
59 78 . 137
23 25 . 48
52 30 . 82
66 22 . 88
46 93 . 139
56 72 . 128
36 33 . 69
42 43 . 85
94 39 . 133
84 88 . 172
73 22 . 95
82 35 . 117
57 6 . 63
9 34 . 43
49 7 . 56
96 21 . 117
67 67 . 134
75 34 . 109
31 17 . 48
5 63 . 68
54 2 . 56
40 77 . 117
29 88 . 117
90 33 . 123
36 84 . 120
99 49 . 148
78 3 . 81
17 9 . 26
2 3 . 5
83 43 . 126
0 73 . 73
15 4 . 19
66 55 . 121
15 77 . 92
55 11 . 66
49 65 . 114
22 37 . 59
38 74 . 112
92 16 . 108
45 84 . 129
22 6 . 28
2 72 . 74
93 31 . 124
88 96 . 184
99 9 . 108
52 40 . 92
60 52 . 112
85 89 . 174
10 39 . 49
64 75 . 139
56 33 . 89
20 79 . 99
68 38 . 106
73 54 . 127
19 70 . 89
8 68 . 76
58 91 . 149
63 90 . 153
88 68 . 156
40 63 . 103
55 23 . 78
29 10 . 39
78 17 . 95
77 45 . 122
67 26 . 93
25 86 . 111
80 49 . 129
70 14 . 84
34 17 . 51
86 86 . 172
3 68 . 71
35 20 . 55
92 58 . 150
65 19 . 84
15 15 . 30
32 96 . 128
11 39 . 50
84 65 . 149
42 56 . 98
27 95 . 122
35 13 . 48
98 36 . 134
3 90 . 93
57 37 . 94
79 61 . 140
80 15 . 95
21 17 . 38
31 34 . 65
17 28 . 45
94 99 . 193
74 7 . 81
42 14 . 56
66 73 . 139
53 61 . 114
70 88 . 158
43 80 . 123
82 54 . 136
34 22 . 56
84 50 . 134
70 96 . 166
57 45 . 102
38 73 . 111
48 87 . 135
45 12 . 57
69 68 . 137
18 18 . 36
6 8 . 14
43 33 . 76
94 12 . 106
5 44 . 49
72 9 . 81
28 30 . 58
42 59 . 101
34 19 . 53
17 61 . 78
47 78 . 125
61 34 . 95
9 65 . 74
52 33 . 85
80 8 . 88
94 71 . 165
1 96 . 97
77 56 . 133
14 15 . 29
18 66 . 84
44 43 . 87
41 82 . 123
89 10 . 99
25 39 . 64
64 10 . 74
11 27 . 38
76 74 . 150
71 83 . 154
58 87 . 145
73 62 . 135
8 63 . 71
99 44 . 143
42 22 . 64
16 0 . 16
54 54 . 108
57 47 . 104
49 72 . 121
60 5 . 65
55 72 . 127
4 4 . 8
7 89 . 96
80 59 . 139
10 90 . 100
84 16 . 100
74 60 . 134
50 96 . 146
10 30 . 40
19 2 . 21
11 65 . 76
18 52 . 70
17 15 . 32
91 24 . 115
94 53 . 147
28 25 . 53
15 87 . 102
28 18 . 46
20 44 . 64
27 8 . 35
13 1 . 14
45 36 . 81
41 79 . 120
86 10 . 96
84 51 . 135
3 49 . 52
89 57 . 146
38 54 . 92
95 89 . 184
29 24 . 53
24 80 . 104
50 67 . 117
18 2 . 20
12 90 . 102
26 52 . 78
61 45 . 106
78 44 . 122
33 73 . 106
39 60 . 99
0 30 . 30
86 18 . 104
84 40 . 124
56 57 . 113
99 39 . 138
46 99 . 145
72 27 . 99
73 80 . 153
10 22 . 32
56 45 . 101
97 55 . 152
28 52 . 80
53 99 . 152
90 19 . 109
69 38 . 107
96 4 . 100
93 99 . 192
24 77 . 101
69 33 . 102
60 75 . 135
26 39 . 65
85 0 . 85
67 81 . 148
81 49 . 130
37 6 . 43
29 49 . 78
89 44 . 133
58 9 . 67
43 55 . 98
70 41 . 111
29 59 . 88
63 56 . 119
24 95 . 119
12 59 . 71
77 37 . 114
13 71 . 84
77 83 . 160
69 78 . 147
1 1 . 2
84 55 . 139
35 64 . 99
55 92 . 147
60 76 . 136
52 96 . 148
14 43 . 57
85 16 . 101
17 22 . 39
37 65 . 102
90 96 . 186
43 27 . 70
92 70 . 162
93 64 . 157
90 42 . 132
90 66 . 156
84 0 . 84
89 67 . 156
54 42 . 96
31 98 . 129
56 62 . 118
38 6 . 44
86 56 . 142
20 93 . 113
68 66 . 134
9 74 . 83
61 54 . 115
66 28 . 94
92 94 . 186
39 30 . 69
52 9 . 61
74 62 . 136
21 5 . 26
69 97 . 166
93 68 . 161
24 30 . 54
19 61 . 80
41 45 . 86
12 21 . 33
14 32 . 46
42 34 . 76
97 81 . 178
5 98 . 103
19 98 . 117
93 1 . 94
72 17 . 89
59 18 . 77
61 89 . 150
44 3 . 47
42 30 . 72
50 11 . 61
47 47 . 94
69 57 . 126
61 33 . 94
65 92 . 157
4 34 . 38
81 75 . 156
30 3 . 33
34 33 . 67
0 48 . 48
37 19 . 56
14 84 . 98
37 78 . 115
61 37 . 98
8 94 . 102
74 74 . 148
59 52 . 111
74 2 . 76
34 98 . 132
35 0 . 35
73 34 . 107
85 31 . 116
7 71 . 78
40 64 . 104
11 83 . 94
99 75 . 174
58 67 . 125
93 0 . 93
26 19 . 45
35 67 . 102
58 84 . 142
5 66 . 71
61 38 . 99
69 8 . 77
50 89 . 139
96 98 . 194
79 2 . 81
11 36 . 47
68 16 . 84
16 15 . 31
85 36 . 121
27 51 . 78
75 72 . 147
61 87 . 148
55 4 . 59
11 51 . 62
43 37 . 80
33 26 . 59
37 96 . 133
14 59 . 73
62 70 . 132
94 37 . 131
18 90 . 108
21 38 . 59
78 56 . 134
26 12 . 38
68 76 . 144
51 4 . 55
37 17 . 54
39 71 . 110
83 23 . 106
90 82 . 172
22 2 . 24
20 48 . 68
62 93 . 155
42 41 . 83
59 87 . 146
1 68 . 69
29 86 . 115
12 55 . 67
22 36 . 58
65 90 . 155
34 82 . 116
31 10 . 41
85 30 . 115
61 14 . 75
45 73 . 118
92 22 . 114
87 14 . 101
11 60 . 71
65 4 . 69
27 79 . 106
33 39 . 72
37 52 . 89
16 73 . 89
36 32 . 68
99 98 . 197
25 56 . 81
85 4 . 89
73 10 . 83
59 1 . 60
60 12 . 72
10 44 . 54
36 48 . 84
29 65 . 94
10 25 . 35
73 72 . 145
78 64 . 142
76 88 . 164
9 62 . 71
4 6 . 10
47 52 . 99
0 1 . 1
0 64 . 64
35 28 . 63
4 40 . 44
94 3 . 97
73 85 . 158
59 61 . 120
31 23 . 54
82 76 . 158
26 2 . 28
92 14 . 106
62 27 . 89
95 29 . 124
1 19 . 20
11 40 . 51
50 19 . 69
5 73 . 78
6 52 . 58
85 38 . 123
71 79 . 150
74 0 . 74
20 40 . 60
80 85 . 165
39 79 . 118
79 3 . 82
95 69 . 164
39 0 . 39
46 62 . 108
92 35 . 127
15 6 . 21
48 31 . 79
41 38 . 79
20 4 . 24
25 25 . 50
91 17 . 108
69 48 . 117
9 84 . 93
24 48 . 72
62 63 . 125
62 15 . 77
92 51 . 143
78 61 . 139
51 64 . 115
72 31 . 103
30 36 . 66
19 19 . 38
62 8 . 70
23 74 . 97
88 53 . 141
40 13 . 53
2 47 . 49
91 68 . 159
9 22 . 31
62 72 . 134
42 45 . 87
14 63 . 77
95 60 . 155
55 62 . 117
88 86 . 174
58 2 . 60
87 49 . 136
69 63 . 132
2 39 . 41
51 43 . 94
69 77 . 146
97 19 . 116
4 90 . 94
94 68 . 162
61 51 . 112
0 63 . 63
23 68 . 91
80 5 . 85
46 56 . 102
80 22 . 102
67 51 . 118
80 34 . 114
1 73 . 74
80 62 . 142
30 19 . 49
67 14 . 81
51 88 . 139
27 99 . 126
35 77 . 112
38 57 . 95
63 66 . 129
90 97 . 187
42 87 . 129
14 2 . 16
67 71 . 138
62 22 . 84
20 47 . 67
15 96 . 111
8 15 . 23
8 46 . 54
73 11 . 84
81 59 . 140
93 57 . 150
62 34 . 96
33 65 . 98
28 76 . 104
64 25 . 89
80 21 . 101
59 57 . 116
46 65 . 111
42 71 . 113
71 75 . 146
24 22 . 46
14 5 . 19
2 75 . 77
24 72 . 96
3 29 . 32
97 61 . 158
52 89 . 141
39 14 . 53
84 86 . 170
58 60 . 118
98 9 . 107
77 1 . 78
10 7 . 17
86 92 . 178
59 38 . 97
94 28 . 122
66 6 . 72
33 81 . 114
2 29 . 31
6 41 . 47
88 35 . 123
43 43 . 86
79 72 . 151
31 7 . 38
73 60 . 133
83 36 . 119
79 48 . 127
48 70 . 118
81 4 . 85
6 25 . 31
88 39 . 127
75 35 . 110
64 28 . 92
76 77 . 153
28 89 . 117
2 7 . 9
79 32 . 111
87 37 . 124
83 48 . 131
15 89 . 104
32 95 . 127
21 40 . 61
40 91 . 131
58 55 . 113
26 95 . 121
91 43 . 134
30 25 . 55
58 71 . 129
34 60 . 94
9 19 . 28
75 74 . 149
72 83 . 155
8 87 . 95
89 94 . 183
81 93 . 174
65 70 . 135
19 27 . 46
57 39 . 96
76 73 . 149
21 65 . 86
9 73 . 82
61 39 . 100
25 31 . 56
44 17 . 61
26 74 . 100
25 12 . 37
70 23 . 93
8 71 . 79
94 14 . 108
16 38 . 54
79 8 . 87
50 80 . 130
23 77 . 100
49 4 . 53
71 66 . 137
25 95 . 120
63 31 . 94
58 83 . 141
56 82 . 138
91 56 . 147
74 63 . 137
4 38 . 42
32 71 . 103
83 51 . 134
66 19 . 85
66 67 . 133
54 64 . 118
64 55 . 119
28 55 . 83
97 47 . 144
25 42 . 67
85 71 . 156
36 3 . 39
21 50 . 71
33 0 . 33
90 17 . 107
79 47 . 126
40 37 . 77
94 80 . 174
3 18 . 21
99 15 . 114
59 93 . 152
64 50 . 114
95 22 . 117
41 94 . 135
81 37 . 118
18 92 . 110
60 1 . 61
10 43 . 53
67 41 . 108
44 64 . 108
74 78 . 152
72 68 . 140
38 46 . 84
46 67 . 113
3 61 . 64
20 33 . 53
72 37 . 109
10 19 . 29
50 61 . 111
91 96 . 187
11 37 . 48
22 11 . 33
20 94 . 114
68 51 . 119
80 65 . 145
54 45 . 99
66 65 . 131
37 1 . 38
1 21 . 22
84 4 . 88
58 74 . 132
49 17 . 66
19 92 . 111
22 76 . 98
32 11 . 43
75 46 . 121
47 26 . 73
19 49 . 68
13 54 . 67
61 75 . 136
98 64 . 162
92 46 . 138
70 99 . 169
49 47 . 96
89 31 . 120
57 21 . 78
32 88 . 120
36 23 . 59
50 43 . 93
63 16 . 79
0 95 . 95
36 31 . 67
85 69 . 154
68 62 . 130
14 77 . 91
80 14 . 94
51 22 . 73
30 60 . 90
90 58 . 148
42 89 . 131
55 0 . 55
0 25 . 25
65 13 . 78
75 50 . 125
91 34 . 125
27 14 . 41
95 61 . 156
58 42 . 100
10 16 . 26
58 12 . 70
17 63 . 80
43 56 . 99
38 37 . 75
24 65 . 89
72 52 . 124
78 89 . 167
81 3 . 84
42 55 . 97
87 85 . 172
52 79 . 131
89 19 . 108
16 20 . 36
37 13 . 50
11 87 . 98
79 63 . 142
77 18 . 95
45 48 . 93
38 98 . 136
56 92 . 148
11 29 . 40
38 82 . 120
26 28 . 54
67 28 . 95
38 99 . 137
8 36 . 44
75 76 . 151
81 81 . 162
61 35 . 96
16 41 . 57
86 81 . 167
86 5 . 91
47 31 . 78
33 33 . 66
70 34 . 104
21 70 . 91
75 87 . 162
26 7 . 33
71 74 . 145
37 27 . 64
40 58 . 98
66 96 . 162
0 0 . 0
51 9 . 60
32 52 . 84
68 20 . 88
91 69 . 160
39 38 . 77
46 69 . 115
62 24 . 86
28 80 . 108
9 39 . 48
34 94 . 128
22 46 . 68
16 72 . 88
5 18 . 23
78 81 . 159
96 62 . 158
83 94 . 177
69 49 . 118
33 68 . 101
81 43 . 124
94 31 . 125
60 56 . 116
1 22 . 23
73 93 . 166
82 70 . 152
45 37 . 82
37 29 . 66
84 85 . 169
55 94 . 149
86 66 . 152
39 76 . 115
73 12 . 85
4 2 . 6
60 21 . 81
63 85 . 148
17 6 . 23
23 47 . 70
51 87 . 138
40 65 . 105
50 29 . 79
42 60 . 102
35 72 . 107
53 74 . 127
87 13 . 100
28 7 . 35
91 2 . 93
26 86 . 112
64 86 . 150
23 87 . 110
57 54 . 111
84 77 . 161
70 74 . 144
85 47 . 132
92 79 . 171
35 3 . 38
23 29 . 52
81 5 . 86
16 48 . 64
86 62 . 148
67 68 . 135
82 26 . 108
75 27 . 102
57 13 . 70
9 21 . 30
3 34 . 37
1 11 . 12
23 13 . 36
59 85 . 144
41 28 . 69
49 26 . 75
25 52 . 77
13 50 . 63
32 34 . 66
65 22 . 87
5 16 . 21
18 63 . 81
86 39 . 125
24 19 . 43
36 51 . 87
26 26 . 52
40 8 . 48
86 15 . 101
94 57 . 151
45 49 . 94
80 38 . 118
10 66 . 76
18 94 . 112
3 63 . 66
55 48 . 103
41 25 . 66
90 68 . 158
18 67 . 85
28 62 . 90
70 18 . 88
12 24 . 36
49 52 . 101
38 49 . 87
87 35 . 122
15 19 . 34
56 66 . 122
44 30 . 74
13 33 . 46
39 67 . 106
84 42 . 126
88 27 . 115
44 46 . 90
78 51 . 129
35 54 . 89
1 91 . 92
96 7 . 103
82 18 . 100
84 98 . 182
62 5 . 67
37 31 . 68
44 98 . 142
57 36 . 93
26 76 . 102
16 16 . 32
65 53 . 118
31 69 . 100
11 25 . 36
40 51 . 91
44 26 . 70
6 47 . 53
71 84 . 155
46 76 . 122
69 12 . 81
66 21 . 87
83 28 . 111
23 57 . 80
90 54 . 144
5 59 . 64
57 33 . 90
85 95 . 180
5 1 . 6
77 46 . 123
12 2 . 14
34 34 . 68
87 52 . 139
92 68 . 160
3 92 . 95
61 72 . 133
58 14 . 72
42 2 . 44
20 45 . 65
55 53 . 108
3 26 . 29
91 22 . 113
64 95 . 159
81 11 . 92
46 95 . 141
20 17 . 37
56 7 . 63
4 12 . 16
89 33 . 122
58 58 . 116
2 94 . 96
37 21 . 58
99 57 . 156
54 1 . 55
39 77 . 116
86 37 . 123
68 80 . 148
79 83 . 162
61 65 . 126
13 46 . 59
83 75 . 158
74 66 . 140
46 64 . 110
79 49 . 128
36 13 . 49
55 14 . 69
59 49 . 108
95 31 . 126
58 99 . 157
22 13 . 35
79 5 . 84
6 23 . 29
61 86 . 147
60 44 . 104
8 66 . 74
26 79 . 105
90 87 . 177
12 37 . 49
88 36 . 124
14 57 . 71
82 30 . 112
73 18 . 91
27 26 . 53
17 84 . 101
19 79 . 98
78 60 . 138
98 17 . 115
46 71 . 117
47 36 . 83
29 38 . 67
72 74 . 146
9 90 . 99
31 54 . 85
83 98 . 181
65 93 . 158
25 58 . 83
81 58 . 139
94 1 . 95
89 86 . 175
84 34 . 118
80 33 . 113
75 97 . 172
47 44 . 91
10 10 . 20
4 57 . 61
42 5 . 47
99 66 . 165
73 31 . 104
35 37 . 72
28 16 . 44
64 23 . 87
53 78 . 131
76 70 . 146
34 40 . 74
68 10 . 78
51 10 . 61
96 74 . 170
33 97 . 130
19 36 . 55
23 8 . 31
89 65 . 154
72 28 . 100
36 62 . 98
57 53 . 110
59 48 . 107
72 54 . 126
97 21 . 118
68 6 . 74
91 83 . 174
14 0 . 14
32 78 . 110
7 73 . 80
49 55 . 104
13 44 . 57
64 3 . 67
77 98 . 175
34 63 . 97
2 0 . 2
88 3 . 91
94 62 . 156
54 27 . 81
62 95 . 157
71 93 . 164
46 96 . 142
93 8 . 101
72 80 . 152
38 17 . 55
48 91 . 139
7 80 . 87
28 14 . 42
86 71 . 157
59 24 . 83
64 34 . 98
85 98 . 183
29 93 . 122
30 43 . 73
73 91 . 164
22 84 . 106
23 59 . 82
47 70 . 117
85 28 . 113
13 76 . 89
40 28 . 68
39 51 . 90
91 11 . 102
54 71 . 125
18 8 . 26
32 8 . 40
74 45 . 119
56 18 . 74
80 63 . 143
90 29 . 119
26 94 . 120
81 50 . 131
14 76 . 90
27 61 . 88
59 6 . 65
77 95 . 172
2 46 . 48
16 58 . 74
26 97 . 123
15 32 . 47
58 62 . 120
29 57 . 86
95 50 . 145
15 41 . 56
19 76 . 95
83 68 . 151
66 20 . 86
58 73 . 131
89 99 . 188
7 23 . 30
75 24 . 99
28 54 . 82
80 77 . 157
91 4 . 95
91 62 . 153
43 85 . 128
96 68 . 164
0 61 . 61
48 17 . 65
94 50 . 144
82 75 . 157
25 71 . 96
54 63 . 117
10 13 . 23
27 85 . 112
8 61 . 69
9 38 . 47
45 26 . 71
26 15 . 41
20 60 . 80
70 86 . 156
85 26 . 111
96 61 . 157
13 66 . 79
96 26 . 122
68 52 . 120
71 28 . 99
41 48 . 89
41 71 . 112
74 36 . 110
65 91 . 156
62 53 . 115
86 41 . 127
33 47 . 80
32 32 . 64
65 12 . 77
42 42 . 84
88 49 . 137
35 29 . 64
21 89 . 110
61 57 . 118
57 74 . 131
0 80 . 80
32 39 . 71
70 5 . 75
5 91 . 96
64 96 . 160
71 97 . 168
9 33 . 42
63 48 . 111
94 56 . 150
71 40 . 111
21 64 . 85
87 34 . 121
69 11 . 80
49 24 . 73
24 93 . 117
80 9 . 89
68 43 . 111
7 7 . 14
50 53 . 103
51 81 . 132
69 6 . 75
83 22 . 105
43 15 . 58
13 2 . 15
95 59 . 154
83 66 . 149
75 90 . 165
73 95 . 168
71 24 . 95
47 1 . 48
58 97 . 155
41 20 . 61
84 35 . 119
56 49 . 105
90 85 . 175
31 38 . 69
4 3 . 7
68 27 . 95
42 53 . 95
66 39 . 105
46 55 . 101
83 89 . 172
59 22 . 81
46 94 . 140
40 0 . 40
43 65 . 108
2 82 . 84
43 7 . 50
11 24 . 35
9 53 . 62
29 22 . 51
66 36 . 102
60 86 . 146
13 60 . 73
1 62 . 63
19 17 . 36
75 69 . 144
5 6 . 11
28 56 . 84
19 63 . 82
75 94 . 169
36 82 . 118
86 19 . 105
86 9 . 95
83 67 . 150
61 46 . 107
29 60 . 89
30 13 . 43
81 82 . 163
94 58 . 152
35 74 . 109
22 78 . 100
16 18 . 34
63 67 . 130
12 54 . 66
1 78 . 79
69 13 . 82
