15 6 . 21
58 52 . 110
68 82 . 150
68 23 . 91
81 51 . 132
42 45 . 87
74 33 . 107
58 23 . 81
50 70 . 120
62 14 . 76
44 62 . 106
39 44 . 83
77 84 . 161
81 28 . 109
37 39 . 76
64 31 . 95
56 76 . 132
87 7 . 94
76 21 . 97
55 56 . 111
96 26 . 122
30 83 . 113
50 73 . 123
89 64 . 153
3 4 . 7
38 42 . 80
74 84 . 158
10 11 . 21
24 92 . 116
13 28 . 41
96 61 . 157
86 69 . 155
6 17 . 23
11 20 . 31
92 10 . 102
28 16 . 44
68 50 . 118
74 11 . 85
70 3 . 73
26 16 . 42
73 10 . 83
72 16 . 88
66 40 . 106
70 69 . 139
87 22 . 109
69 85 . 154
87 6 . 93
10 41 . 51
60 0 . 60
15 36 . 51
1 72 . 73
27 1 . 28
0 11 . 11
50 99 . 149
89 65 . 154
16 31 . 47
0 71 . 71
10 61 . 71
66 91 . 157
92 91 . 183
11 25 . 36
55 9 . 64
1 33 . 34
27 90 . 117
65 36 . 101
53 59 . 112
67 38 . 105
37 9 . 46
41 74 . 115
46 83 . 129
25 69 . 94
30 55 . 85
86 88 . 174
13 36 . 49
34 88 . 122
20 35 . 55
89 3 . 92
56 36 . 92
45 22 . 67
78 27 . 105
99 68 . 167
23 71 . 94
87 3 . 90
87 56 . 143
29 21 . 50
55 22 . 77
71 18 . 89
55 24 . 79
41 89 . 130
38 23 . 61
99 25 . 124
13 61 . 74
10 9 . 19
84 23 . 107
78 13 . 91
12 8 . 20
19 68 . 87
15 58 . 73
40 32 . 72
8 35 . 43
7 45 . 52
40 27 . 67
97 99 . 196
9 12 . 21
73 90 . 163
51 63 . 114
71 19 . 90
71 13 . 84
32 48 . 80
48 83 . 131
95 81 . 176
7 52 . 59
20 38 . 58
47 58 . 105
52 51 . 103
68 28 . 96
32 92 . 124
78 66 . 144
33 35 . 68
7 56 . 63
60 23 . 83
88 45 . 133
40 64 . 104
49 10 . 59
34 52 . 86
12 97 . 109
58 69 . 127
41 50 . 91
89 15 . 104
54 3 . 57
52 74 . 126
81 99 . 180
35 62 . 97
58 5 . 63
43 74 . 117
57 99 . 156
59 14 . 73
51 85 . 136
90 89 . 179
83 43 . 126
19 17 . 36
10 33 . 43
12 20 . 32
25 12 . 37
76 45 . 121
45 54 . 99
68 36 . 104
56 11 . 67
59 83 . 142
90 20 . 110
43 30 . 73
83 5 . 88
98 16 . 114
10 40 . 50
86 9 . 95
15 50 . 65
62 99 . 161
32 38 . 70
31 99 . 130
30 49 . 79
22 14 . 36
18 64 . 82
5 15 . 20
91 89 . 180
2 4 . 6
92 85 . 177
15 10 . 25
92 45 . 137
50 17 . 67
84 24 . 108
47 91 . 138
80 55 . 135
87 72 . 159
36 38 . 74
41 28 . 69
49 7 . 56
44 26 . 70
29 82 . 111
28 25 . 53
66 46 . 112
57 47 . 104
89 9 . 98
27 96 . 123
82 61 . 143
79 68 . 147
80 8 . 88
91 3 . 94
20 66 . 86
76 54 . 130
4 7 . 11
59 0 . 59
85 78 . 163
58 72 . 130
27 23 . 50
18 52 . 70
60 28 . 88
46 19 . 65
93 60 . 153
41 1 . 42
41 66 . 107
65 62 . 127
93 47 . 140
9 68 . 77
31 4 . 35
27 80 . 107
8 49 . 57
91 99 . 190
74 23 . 97
42 56 . 98
44 61 . 105
1 62 . 63
14 84 . 98
90 1 . 91
91 22 . 113
9 31 . 40
39 16 . 55
86 7 . 93
86 95 . 181
84 10 . 94
28 50 . 78
98 28 . 126
90 80 . 170
52 85 . 137
91 65 . 156
69 51 . 120
82 53 . 135
51 14 . 65
78 49 . 127
43 79 . 122
44 98 . 142
27 76 . 103
20 94 . 114
79 46 . 125
17 28 . 45
93 57 . 150
3 98 . 101
61 74 . 135
57 94 . 151
54 13 . 67
61 99 . 160
13 7 . 20
39 11 . 50
18 9 . 27
67 66 . 133
84 9 . 93
72 54 . 126
57 67 . 124
11 18 . 29
66 26 . 92
96 49 . 145
86 17 . 103
97 67 . 164
54 23 . 77
63 95 . 158
34 95 . 129
15 86 . 101
58 79 . 137
79 54 . 133
92 71 . 163
63 71 . 134
40 26 . 66
86 42 . 128
14 28 . 42
27 42 . 69
92 2 . 94
56 57 . 113
45 20 . 65
8 53 . 61
44 69 . 113
96 39 . 135
99 34 . 133
1 56 . 57
0 5 . 5
90 81 . 171
37 32 . 69
96 75 . 171
55 85 . 140
24 19 . 43
72 86 . 158
12 10 . 22
69 4 . 73
77 34 . 111
73 11 . 84
77 71 . 148
73 74 . 147
80 10 . 90
11 67 . 78
8 85 . 93
22 49 . 71
60 7 . 67
88 98 . 186
49 62 . 111
60 61 . 121
22 53 . 75
64 33 . 97
67 83 . 150
42 13 . 55
55 3 . 58
2 71 . 73
83 25 . 108
88 64 . 152
79 62 . 141
6 5 . 11
40 63 . 103
0 83 . 83
18 33 . 51
37 30 . 67
53 97 . 150
38 57 . 95
97 10 . 107
21 81 . 102
67 30 . 97
93 96 . 189
21 53 . 74
69 87 . 156
44 92 . 136
95 77 . 172
66 22 . 88
6 95 . 101
94 96 . 190
61 16 . 77
94 8 . 102
47 94 . 141
97 34 . 131
49 40 . 89
81 93 . 174
83 8 . 91
84 19 . 103
70 65 . 135
46 2 . 48
74 30 . 104
18 37 . 55
46 15 . 61
16 10 . 26
32 43 . 75
48 90 . 138
61 1 . 62
81 43 . 124
72 21 . 93
80 46 . 126
12 95 . 107
12 29 . 41
75 46 . 121
93 89 . 182
44 79 . 123
31 35 . 66
60 30 . 90
35 82 . 117
13 63 . 76
97 28 . 125
24 57 . 81
66 61 . 127
13 76 . 89
96 73 . 169
60 16 . 76
99 36 . 135
21 34 . 55
73 47 . 120
22 41 . 63
69 97 . 166
18 92 . 110
2 37 . 39
8 70 . 78
42 23 . 65
84 16 . 100
75 76 . 151
70 56 . 126
74 6 . 80
19 52 . 71
52 64 . 116
33 4 . 37
89 43 . 132
32 44 . 76
76 51 . 127
66 65 . 131
76 89 . 165
78 95 . 173
49 64 . 113
15 92 . 107
22 56 . 78
29 89 . 118
29 94 . 123
46 47 . 93
53 96 . 149
62 83 . 145
28 90 . 118
89 51 . 140
86 89 . 175
60 96 . 156
86 57 . 143
82 72 . 154
16 76 . 92
75 87 . 162
45 82 . 127
88 63 . 151
43 53 . 96
23 85 . 108
73 67 . 140
13 86 . 99
90 69 . 159
26 99 . 125
46 9 . 55
80 73 . 153
82 66 . 148
38 83 . 121
12 82 . 94
95 41 . 136
15 12 . 27
58 59 . 117
97 29 . 126
74 72 . 146
56 29 . 85
0 97 . 97
86 67 . 153
11 54 . 65
96 70 . 166
40 45 . 85
81 73 . 154
61 68 . 129
79 84 . 163
18 50 . 68
21 56 . 77
96 72 . 168
13 6 . 19
31 67 . 98
7 22 . 29
51 26 . 77
26 63 . 89
9 13 . 22
35 97 . 132
73 7 . 80
17 84 . 101
53 70 . 123
30 63 . 93
20 37 . 57
11 76 . 87
49 54 . 103
78 51 . 129
98 13 . 111
94 67 . 161
85 81 . 166
82 65 . 147
79 39 . 118
29 23 . 52
43 52 . 95
15 2 . 17
51 32 . 83
76 0 . 76
79 59 . 138
86 38 . 124
50 8 . 58
94 23 . 117
78 21 . 99
81 65 . 146
91 84 . 175
79 12 . 91
68 13 . 81
52 72 . 124
46 17 . 63
15 90 . 105
2 68 . 70
78 30 . 108
91 1 . 92
57 39 . 96
6 93 . 99
69 45 . 114
20 4 . 24
17 68 . 85
57 3 . 60
13 34 . 47
53 5 . 58
35 86 . 121
72 38 . 110
11 19 . 30
58 3 . 61
19 16 . 35
86 45 . 131
14 77 . 91
93 5 . 98
3 19 . 22
92 16 . 108
16 78 . 94
49 83 . 132
96 28 . 124
12 3 . 15
36 32 . 68
22 80 . 102
40 47 . 87
58 29 . 87
89 60 . 149
88 67 . 155
19 44 . 63
29 64 . 93
36 67 . 103
18 28 . 46
47 34 . 81
42 51 . 93
14 6 . 20
6 18 . 24
63 96 . 159
87 81 . 168
90 75 . 165
13 60 . 73
96 87 . 183
32 26 . 58
81 97 . 178
56 45 . 101
44 77 . 121
23 75 . 98
12 14 . 26
8 1 . 9
47 7 . 54
52 28 . 80
98 70 . 168
58 21 . 79
31 20 . 51
14 68 . 82
5 3 . 8
74 38 . 112
75 57 . 132
34 78 . 112
78 14 . 92
24 2 . 26
94 4 . 98
57 46 . 103
56 19 . 75
53 24 . 77
49 0 . 49
60 32 . 92
82 14 . 96
3 29 . 32
36 43 . 79
79 72 . 151
72 10 . 82
40 88 . 128
6 32 . 38
77 1 . 78
79 57 . 136
98 40 . 138
46 61 . 107
79 28 . 107
55 1 . 56
50 5 . 55
44 20 . 64
1 14 . 15
61 62 . 123
56 73 . 129
87 25 . 112
17 51 . 68
85 87 . 172
55 65 . 120
71 75 . 146
65 51 . 116
10 63 . 73
58 16 . 74
81 0 . 81
66 74 . 140
29 86 . 115
74 48 . 122
86 30 . 116
90 60 . 150
12 45 . 57
10 24 . 34
41 49 . 90
45 98 . 143
32 11 . 43
28 30 . 58
48 64 . 112
70 21 . 91
48 34 . 82
73 36 . 109
72 56 . 128
2 14 . 16
78 25 . 103
3 44 . 47
6 39 . 45
63 56 . 119
10 81 . 91
99 44 . 143
41 12 . 53
62 85 . 147
99 49 . 148
6 83 . 89
97 17 . 114
30 12 . 42
46 68 . 114
0 10 . 10
47 80 . 127
74 97 . 171
24 18 . 42
53 84 . 137
58 63 . 121
27 41 . 68
77 20 . 97
89 32 . 121
23 11 . 34
48 0 . 48
40 68 . 108
29 47 . 76
7 11 . 18
69 67 . 136
61 7 . 68
55 39 . 94
98 38 . 136
8 52 . 60
0 39 . 39
77 64 . 141
36 22 . 58
71 16 . 87
15 85 . 100
73 55 . 128
59 31 . 90
48 57 . 105
96 90 . 186
97 78 . 175
17 62 . 79
30 84 . 114
47 32 . 79
14 92 . 106
19 90 . 109
8 2 . 10
76 20 . 96
16 54 . 70
69 13 . 82
81 59 . 140
24 90 . 114
73 86 . 159
7 48 . 55
25 33 . 58
72 62 . 134
29 22 . 51
55 49 . 104
69 24 . 93
21 16 . 37
31 57 . 88
71 84 . 155
80 45 . 125
8 91 . 99
10 4 . 14
69 22 . 91
98 53 . 151
83 58 . 141
56 90 . 146
4 17 . 21
24 98 . 122
7 38 . 45
76 17 . 93
32 83 . 115
83 13 . 96
99 95 . 194
6 40 . 46
57 10 . 67
36 42 . 78
23 5 . 28
14 5 . 19
49 61 . 110
11 31 . 42
37 34 . 71
44 37 . 81
88 15 . 103
79 66 . 145
85 37 . 122
39 32 . 71
55 81 . 136
58 28 . 86
59 2 . 61
57 13 . 70
96 56 . 152
8 57 . 65
52 47 . 99
35 30 . 65
96 55 . 151
77 54 . 131
37 93 . 130
15 80 . 95
59 45 . 104
9 27 . 36
60 78 . 138
84 72 . 156
88 47 . 135
89 36 . 125
64 60 . 124
86 48 . 134
96 57 . 153
87 54 . 141
64 24 . 88
61 31 . 92
14 50 . 64
23 93 . 116
80 9 . 89
30 96 . 126
48 5 . 53
19 18 . 37
30 75 . 105
32 8 . 40
40 0 . 40
28 37 . 65
50 62 . 112
35 28 . 63
16 75 . 91
26 19 . 45
77 25 . 102
27 14 . 41
24 43 . 67
80 97 . 177
7 37 . 44
12 70 . 82
75 1 . 76
97 98 . 195
43 11 . 54
45 83 . 128
20 85 . 105
32 33 . 65
18 38 . 56
87 5 . 92
95 46 . 141
39 86 . 125
36 74 . 110
63 67 . 130
88 3 . 91
42 97 . 139
87 83 . 170
9 14 . 23
87 41 . 128
78 80 . 158
3 77 . 80
7 79 . 86
59 18 . 77
55 47 . 102
36 53 . 89
98 18 . 116
7 96 . 103
79 92 . 171
88 99 . 187
43 22 . 65
14 64 . 78
36 27 . 63
22 57 . 79
63 50 . 113
51 94 . 145
78 8 . 86
7 58 . 65
73 2 . 75
12 72 . 84
59 51 . 110
1 49 . 50
64 35 . 99
10 74 . 84
96 46 . 142
63 89 . 152
39 80 . 119
88 89 . 177
6 27 . 33
82 16 . 98
85 24 . 109
19 81 . 100
78 84 . 162
99 63 . 162
73 63 . 136
71 61 . 132
60 10 . 70
67 33 . 100
21 71 . 92
95 80 . 175
8 99 . 107
9 40 . 49
15 53 . 68
86 22 . 108
61 98 . 159
17 22 . 39
51 86 . 137
66 97 . 163
69 49 . 118
97 87 . 184
21 62 . 83
22 92 . 114
44 50 . 94
76 19 . 95
49 67 . 116
37 98 . 135
14 52 . 66
82 42 . 124
61 2 . 63
73 95 . 168
9 61 . 70
11 4 . 15
8 34 . 42
80 36 . 116
8 56 . 64
97 31 . 128
82 21 . 103
8 92 . 100
67 84 . 151
2 65 . 67
18 56 . 74
65 4 . 69
95 68 . 163
65 79 . 144
90 76 . 166
48 96 . 144
33 13 . 46
47 90 . 137
0 85 . 85
73 59 . 132
40 70 . 110
25 94 . 119
86 21 . 107
80 20 . 100
32 61 . 93
64 41 . 105
2 28 . 30
48 13 . 61
85 42 . 127
16 18 . 34
60 35 . 95
41 70 . 111
88 78 . 166
75 86 . 161
80 26 . 106
39 27 . 66
3 75 . 78
35 23 . 58
9 57 . 66
54 82 . 136
75 83 . 158
66 27 . 93
92 57 . 149
68 53 . 121
29 73 . 102
67 47 . 114
9 32 . 41
23 92 . 115
67 3 . 70
56 61 . 117
52 10 . 62
96 82 . 178
15 0 . 15
93 9 . 102
42 18 . 60
12 99 . 111
88 39 . 127
26 41 . 67
41 46 . 87
90 22 . 112
90 70 . 160
49 87 . 136
33 69 . 102
56 33 . 89
14 79 . 93
50 24 . 74
19 39 . 58
32 0 . 32
71 52 . 123
91 10 . 101
17 31 . 48
8 0 . 8
60 69 . 129
86 31 . 117
89 50 . 139
19 61 . 80
13 43 . 56
5 26 . 31
65 33 . 98
24 39 . 63
98 83 . 181
28 62 . 90
37 97 . 134
92 12 . 104
27 92 . 119
15 62 . 77
96 23 . 119
39 28 . 67
83 80 . 163
23 0 . 23
56 98 . 154
58 46 . 104
27 18 . 45
12 42 . 54
64 92 . 156
5 16 . 21
6 71 . 77
15 65 . 80
15 43 . 58
96 88 . 184
36 55 . 91
31 77 . 108
50 84 . 134
57 83 . 140
29 98 . 127
1 48 . 49
54 67 . 121
9 50 . 59
99 11 . 110
89 66 . 155
47 15 . 62
53 45 . 98
72 93 . 165
35 36 . 71
42 34 . 76
72 67 . 139
79 15 . 94
51 82 . 133
65 98 . 163
71 72 . 143
10 69 . 79
64 71 . 135
88 72 . 160
57 0 . 57
67 85 . 152
93 32 . 125
90 32 . 122
24 23 . 47
76 30 . 106
38 81 . 119
39 7 . 46
73 42 . 115
29 40 . 69
21 43 . 64
59 49 . 108
67 19 . 86
18 62 . 80
93 16 . 109
66 13 . 79
55 50 . 105
34 3 . 37
6 21 . 27
35 49 . 84
45 14 . 59
38 77 . 115
98 89 . 187
25 52 . 77
56 58 . 114
51 92 . 143
15 60 . 75
52 80 . 132
14 26 . 40
9 1 . 10
23 56 . 79
38 79 . 117
46 76 . 122
13 15 . 28
72 29 . 101
86 90 . 176
90 53 . 143
27 86 . 113
28 59 . 87
70 59 . 129
86 87 . 173
15 29 . 44
69 30 . 99
87 42 . 129
99 40 . 139
22 64 . 86
4 16 . 20
26 78 . 104
3 39 . 42
9 19 . 28
6 49 . 55
89 70 . 159
47 36 . 83
46 8 . 54
50 59 . 109
42 72 . 114
59 23 . 82
6 89 . 95
86 36 . 122
0 3 . 3
10 94 . 104
79 27 . 106
81 14 . 95
1 24 . 25
20 41 . 61
67 92 . 159
12 35 . 47
64 51 . 115
15 71 . 86
42 89 . 131
79 94 . 173
62 31 . 93
30 87 . 117
15 19 . 34
93 54 . 147
28 29 . 57
66 6 . 72
72 59 . 131
32 27 . 59
47 39 . 86
80 11 . 91
33 78 . 111
91 73 . 164
86 12 . 98
19 12 . 31
10 83 . 93
69 91 . 160
89 2 . 91
22 8 . 30
72 36 . 108
87 53 . 140
25 0 . 25
73 70 . 143
6 16 . 22
67 77 . 144
83 17 . 100
11 2 . 13
76 97 . 173
37 19 . 56
33 50 . 83
78 31 . 109
67 52 . 119
26 84 . 110
68 42 . 110
79 56 . 135
21 45 . 66
50 90 . 140
35 74 . 109
95 98 . 193
20 88 . 108
95 27 . 122
47 42 . 89
66 0 . 66
44 40 . 84
37 33 . 70
9 21 . 30
37 83 . 120
55 84 . 139
21 5 . 26
43 90 . 133
39 20 . 59
45 48 . 93
28 9 . 37
35 89 . 124
35 0 . 35
93 43 . 136
31 75 . 106
97 23 . 120
2 97 . 99
91 76 . 167
66 51 . 117
15 64 . 79
93 24 . 117
0 1 . 1
19 98 . 117
82 62 . 144
84 98 . 182
15 54 . 69
2 9 . 11
5 47 . 52
23 90 . 113
17 79 . 96
37 23 . 60
5 71 . 76
11 65 . 76
52 70 . 122
58 40 . 98
37 13 . 50
60 45 . 105
30 29 . 59
73 23 . 96
99 98 . 197
29 50 . 79
40 52 . 92
14 34 . 48
88 23 . 111
87 40 . 127
12 13 . 25
46 72 . 118
25 8 . 33
33 59 . 92
0 91 . 91
33 82 . 115
15 97 . 112
34 71 . 105
17 90 . 107
74 53 . 127
36 41 . 77
3 37 . 40
74 46 . 120
54 4 . 58
4 28 . 32
96 81 . 177
57 90 . 147
25 98 . 123
72 26 . 98
47 72 . 119
8 95 . 103
98 87 . 185
71 8 . 79
56 52 . 108
20 22 . 42
62 29 . 91
0 87 . 87
16 68 . 84
47 56 . 103
32 71 . 103
34 91 . 125
99 48 . 147
78 56 . 134
49 21 . 70
44 68 . 112
46 49 . 95
8 59 . 67
3 92 . 95
14 7 . 21
3 40 . 43
38 24 . 62
98 41 . 139
68 11 . 79
50 81 . 131
77 58 . 135
92 0 . 92
42 50 . 92
73 33 . 106
13 92 . 105
40 57 . 97
90 66 . 156
53 88 . 141
96 92 . 188
95 38 . 133
31 69 . 100
76 63 . 139
43 68 . 111
78 55 . 133
23 16 . 39
45 58 . 103
80 81 . 161
44 74 . 118
44 90 . 134
21 69 . 90
3 45 . 48
5 66 . 71
97 62 . 159
75 49 . 124
76 24 . 100
74 96 . 170
55 32 . 87
21 4 . 25
4 18 . 22
64 16 . 80
67 5 . 72
58 22 . 80
47 70 . 117
89 27 . 116
9 41 . 50
18 81 . 99
39 30 . 69
24 58 . 82
43 54 . 97
30 80 . 110
2 13 . 15
82 75 . 157
82 19 . 101
26 12 . 38
73 26 . 99
13 80 . 93
38 13 . 51
70 84 . 154
37 27 . 64
88 49 . 137
76 41 . 117
11 97 . 108
97 55 . 152
31 70 . 101
71 58 . 129
40 35 . 75
91 64 . 155
20 67 . 87
51 60 . 111
94 58 . 152
10 13 . 23
11 89 . 100
53 49 . 102
80 92 . 172
34 57 . 91
98 46 . 144
4 88 . 92
23 15 . 38
25 18 . 43
80 67 . 147
46 88 . 134
26 58 . 84
86 60 . 146
29 9 . 38
99 1 . 100
98 10 . 108
54 46 . 100
48 21 . 69
98 64 . 162
79 69 . 148
84 2 . 86
89 53 . 142
92 94 . 186
4 48 . 52
73 48 . 121
48 36 . 84
81 34 . 115
65 58 . 123
97 82 . 179
83 53 . 136
33 6 . 39
69 73 . 142
70 26 . 96
68 58 . 126
82 91 . 173
3 71 . 74
59 19 . 78
96 41 . 137
83 70 . 153
26 8 . 34
19 8 . 27
77 51 . 128
28 66 . 94
31 19 . 50
62 63 . 125
58 67 . 125
36 98 . 134
67 51 . 118
73 84 . 157
78 47 . 125
40 89 . 129
16 99 . 115
4 39 . 43
17 16 . 33
91 98 . 189
13 50 . 63
37 92 . 129
30 21 . 51
41 44 . 85
61 69 . 130
31 55 . 86
54 27 . 81
56 16 . 72
72 78 . 150
38 91 . 129
15 24 . 39
44 67 . 111
31 66 . 97
65 29 . 94
67 60 . 127
36 84 . 120
25 45 . 70
13 90 . 103
53 60 . 113
49 89 . 138
52 49 . 101
3 33 . 36
44 70 . 114
91 87 . 178
42 8 . 50
59 95 . 154
67 89 . 156
87 62 . 149
92 84 . 176
54 55 . 109
35 95 . 130
68 24 . 92
36 37 . 73
1 82 . 83
1 36 . 37
7 57 . 64
39 38 . 77
95 82 . 177
5 72 . 77
61 30 . 91
73 17 . 90
77 52 . 129
13 22 . 35
76 59 . 135
19 96 . 115
53 51 . 104
60 99 . 159
10 17 . 27
52 4 . 56
3 97 . 100
0 56 . 56
46 33 . 79
11 38 . 49
65 21 . 86
55 67 . 122
97 72 . 169
81 33 . 114
84 27 . 111
17 85 . 102
11 44 . 55
94 56 . 150
6 88 . 94
39 76 . 115
18 48 . 66
31 82 . 113
6 81 . 87
89 71 . 160
54 10 . 64
12 46 . 58
57 4 . 61
68 15 . 83
4 77 . 81
51 43 . 94
33 15 . 48
28 72 . 100
34 43 . 77
75 74 . 149
84 46 . 130
23 82 . 105
60 1 . 61
48 56 . 104
99 69 . 168
38 33 . 71
2 56 . 58
79 20 . 99
71 68 . 139
26 30 . 56
42 52 . 94
20 48 . 68
62 64 . 126
67 37 . 104
1 39 . 40
95 62 . 157
58 73 . 131
75 97 . 172
70 42 . 112
25 75 . 100
52 75 . 127
49 97 . 146
19 32 . 51
52 6 . 58
46 71 . 117
81 35 . 116
25 2 . 27
56 60 . 116
44 7 . 51
99 87 . 186
26 17 . 43
87 2 . 89
20 50 . 70
11 96 . 107
25 63 . 88
26 11 . 37
60 98 . 158
7 89 . 96
61 78 . 139
44 93 . 137
71 17 . 88
82 89 . 171
36 5 . 41
16 27 . 43
63 87 . 150
33 0 . 33
18 54 . 72
5 84 . 89
91 81 . 172
39 5 . 44
41 54 . 95
13 30 . 43
54 37 . 91
66 55 . 121
70 67 . 137
11 49 . 60
46 63 . 109
47 0 . 47
71 73 . 144
3 90 . 93
36 45 . 81
39 63 . 102
51 46 . 97
90 10 . 100
57 33 . 90
16 38 . 54
40 95 . 135
38 28 . 66
97 45 . 142
23 95 . 118
47 3 . 50
88 57 . 145
97 90 . 187
94 85 . 179
3 13 . 16
80 87 . 167
92 43 . 135
72 99 . 171
70 85 . 155
42 17 . 59
14 32 . 46
0 14 . 14
32 4 . 36
76 82 . 158
59 85 . 144
63 8 . 71
57 87 . 144
10 47 . 57
27 68 . 95
43 40 . 83
5 85 . 90
14 21 . 35
49 43 . 92
80 71 . 151
44 5 . 49
63 60 . 123
58 66 . 124
65 53 . 118
57 20 . 77
77 48 . 125
54 58 . 112
5 42 . 47
35 38 . 73
97 95 . 192
45 24 . 69
85 14 . 99
61 97 . 158
22 11 . 33
33 98 . 131
98 8 . 106
76 71 . 147
78 98 . 176
58 98 . 156
18 13 . 31
11 24 . 35
80 82 . 162
96 89 . 185
20 49 . 69
10 37 . 47
32 54 . 86
63 29 . 92
10 88 . 98
28 42 . 70
3 81 . 84
11 47 . 58
50 49 . 99
88 33 . 121
44 78 . 122
76 15 . 91
2 82 . 84
53 35 . 88
85 16 . 101
32 76 . 108
10 3 . 13
1 87 . 88
78 6 . 84
6 57 . 63
30 92 . 122
70 22 . 92
67 35 . 102
58 19 . 77
51 88 . 139
1 6 . 7
62 37 . 99
42 83 . 125
71 20 . 91
74 8 . 82
76 64 . 140
46 56 . 102
93 48 . 141
34 33 . 67
87 21 . 108
48 65 . 113
60 66 . 126
37 68 . 105
82 47 . 129
66 36 . 102
92 9 . 101
0 44 . 44
14 38 . 52
5 88 . 93
39 68 . 107
57 54 . 111
42 90 . 132
42 22 . 64
91 70 . 161
57 30 . 87
6 61 . 67
59 60 . 119
86 1 . 87
18 14 . 32
61 21 . 82
28 0 . 28
88 2 . 90
24 80 . 104
96 5 . 101
36 44 . 80
67 74 . 141
69 35 . 104
4 64 . 68
83 94 . 177
92 78 . 170
57 2 . 59
84 52 . 136
58 25 . 83
29 55 . 84
90 58 . 148
7 50 . 57
69 19 . 88
62 34 . 96
30 58 . 88
58 4 . 62
80 53 . 133
24 48 . 72
83 91 . 174
60 70 . 130
39 8 . 47
1 78 . 79
9 7 . 16
91 67 . 158
37 45 . 82
5 34 . 39
59 68 . 127
48 42 . 90
68 47 . 115
48 19 . 67
91 43 . 134
93 8 . 101
20 13 . 33
20 72 . 92
15 49 . 64
96 80 . 176
16 9 . 25
40 93 . 133
80 32 . 112
82 0 . 82
66 70 . 136
48 9 . 57
59 99 . 158
86 82 . 168
50 87 . 137
49 65 . 114
21 23 . 44
94 1 . 95
60 3 . 63
93 63 . 156
37 58 . 95
58 27 . 85
69 40 . 109
10 42 . 52
12 57 . 69
13 87 . 100
43 80 . 123
25 32 . 57
80 98 . 178
26 52 . 78
60 81 . 141
84 49 . 133
42 75 . 117
75 72 . 147
96 62 . 158
69 29 . 98
6 50 . 56
45 49 . 94
21 41 . 62
32 78 . 110
82 34 . 116
21 93 . 114
9 38 . 47
19 47 . 66
76 93 . 169
76 67 . 143
69 95 . 164
41 33 . 74
64 32 . 96
69 92 . 161
14 46 . 60
27 8 . 35
24 5 . 29
83 28 . 111
20 99 . 119
74 64 . 138
1 21 . 22
11 5 . 16
34 0 . 34
50 65 . 115
43 48 . 91
12 18 . 30
28 64 . 92
86 63 . 149
28 91 . 119
96 12 . 108
37 29 . 66
19 33 . 52
39 36 . 75
43 2 . 45
81 5 . 86
73 30 . 103
52 83 . 135
21 18 . 39
89 78 . 167
94 60 . 154
87 60 . 147
80 65 . 145
65 95 . 160
7 66 . 73
17 0 . 17
95 20 . 115
80 60 . 140
98 90 . 188
47 43 . 90
24 44 . 68
72 98 . 170
26 3 . 29
79 53 . 132
40 38 . 78
87 33 . 120
91 55 . 146
16 94 . 110
7 0 . 7
41 43 . 84
79 25 . 104
56 68 . 124
1 46 . 47
95 21 . 116
3 62 . 65
4 76 . 80
40 28 . 68
86 96 . 182
20 17 . 37
87 10 . 97
35 58 . 93
96 0 . 96
92 31 . 123
62 36 . 98
52 24 . 76
20 34 . 54
58 11 . 69
52 78 . 130
79 96 . 175
25 56 . 81
46 43 . 89
55 37 . 92
42 91 . 133
79 82 . 161
29 83 . 112
75 26 . 101
92 1 . 93
34 94 . 128
38 15 . 53
87 29 . 116
42 39 . 81
0 77 . 77
6 69 . 75
21 22 . 43
95 96 . 191
0 12 . 12
9 81 . 90
82 85 . 167
14 49 . 63
36 40 . 76
78 63 . 141
6 34 . 40
22 68 . 90
16 2 . 18
72 19 . 91
89 80 . 169
53 86 . 139
34 4 . 38
40 54 . 94
99 42 . 141
15 99 . 114
54 62 . 116
78 46 . 124
65 99 . 164
32 7 . 39
51 35 . 86
9 98 . 107
77 98 . 175
2 93 . 95
82 3 . 85
92 49 . 141
87 14 . 101
70 18 . 88
21 47 . 68
61 92 . 153
8 28 . 36
39 2 . 41
7 34 . 41
60 46 . 106
64 53 . 117
16 42 . 58
8 79 . 87
72 60 . 132
97 20 . 117
74 13 . 87
63 53 . 116
60 17 . 77
40 83 . 123
73 78 . 151
6 7 . 13
39 18 . 57
23 1 . 24
20 87 . 107
17 24 . 41
50 40 . 90
92 63 . 155
56 88 . 144
91 7 . 98
9 34 . 43
55 26 . 81
95 9 . 104
69 53 . 122
37 41 . 78
43 25 . 68
99 46 . 145
43 67 . 110
31 49 . 80
86 92 . 178
9 78 . 87
75 78 . 153
75 8 . 83
4 97 . 101
31 43 . 74
23 89 . 112
4 56 . 60
57 59 . 116
62 90 . 152
83 50 . 133
68 80 . 148
78 65 . 143
83 65 . 148
33 93 . 126
26 71 . 97
66 50 . 116
3 22 . 25
10 7 . 17
17 7 . 24
13 91 . 104
5 77 . 82
4 86 . 90
22 28 . 50
38 25 . 63
36 85 . 121
65 77 . 142
27 45 . 72
2 81 . 83
96 38 . 134
6 80 . 86
51 16 . 67
7 76 . 83
21 27 . 48
5 28 . 33
39 14 . 53
53 29 . 82
25 30 . 55
44 97 . 141
29 36 . 65
79 33 . 112
83 54 . 137
65 13 . 78
97 8 . 105
18 76 . 94
24 41 . 65
20 6 . 26
98 63 . 161
5 75 . 80
77 75 . 152
70 28 . 98
90 77 . 167
62 46 . 108
94 72 . 166
56 14 . 70
25 15 . 40
69 66 . 135
20 93 . 113
60 49 . 109
78 43 . 121
55 86 . 141
64 47 . 111
6 77 . 83
86 18 . 104
34 49 . 83
50 47 . 97
82 11 . 93
61 59 . 120
70 1 . 71
64 95 . 159
39 94 . 133
83 18 . 101
58 86 . 144
75 81 . 156
41 29 . 70
62 92 . 154
8 54 . 62
59 40 . 99
45 1 . 46
20 40 . 60
56 5 . 61
55 94 . 149
75 39 . 114
39 85 . 124
3 85 . 88
59 41 . 100
81 69 . 150
26 18 . 44
79 73 . 152
7 31 . 38
28 11 . 39
48 91 . 139
34 86 . 120
77 47 . 124
29 67 . 96
4 95 . 99
83 22 . 105
15 67 . 82
62 47 . 109
18 8 . 26
74 88 . 162
31 27 . 58
12 90 . 102
14 41 . 55
48 39 . 87
42 37 . 79
68 55 . 123
22 98 . 120
13 62 . 75
90 40 . 130
4 55 . 59
4 13 . 17
33 7 . 40
74 83 . 157
62 80 . 142
37 71 . 108
42 96 . 138
84 4 . 88
68 33 . 101
26 38 . 64
9 82 . 91
68 30 . 98
97 91 . 188
47 84 . 131
21 55 . 76
44 22 . 66
61 65 . 126
50 11 . 61
98 82 . 180
70 74 . 144
26 29 . 55
81 23 . 104
66 76 . 142
33 22 . 55
70 92 . 162
93 34 . 127
75 47 . 122
19 50 . 69
99 67 . 166
58 64 . 122
52 46 . 98
59 91 . 150
12 98 . 110
72 66 . 138
77 89 . 166
23 46 . 69
84 83 . 167
7 69 . 76
31 80 . 111
61 24 . 85
4 24 . 28
83 9 . 92
0 26 . 26
91 33 . 124
95 2 . 97
94 48 . 142
14 96 . 110
96 98 . 194
82 94 . 176
76 52 . 128
1 4 . 5
7 93 . 100
59 16 . 75
16 86 . 102
37 66 . 103
20 10 . 30
2 20 . 22
41 94 . 135
39 77 . 116
52 39 . 91
66 49 . 115
63 28 . 91
98 1 . 99
92 29 . 121
63 22 . 85
65 92 . 157
99 4 . 103
34 28 . 62
42 31 . 73
26 68 . 94
76 34 . 110
48 87 . 135
38 27 . 65
75 69 . 144
88 36 . 124
55 7 . 62
42 6 . 48
90 41 . 131
54 84 . 138
75 50 . 125
16 77 . 93
25 19 . 44
47 48 . 95
35 41 . 76
81 72 . 153
97 39 . 136
15 42 . 57
34 53 . 87
45 34 . 79
69 77 . 146
18 77 . 95
68 90 . 158
23 69 . 92
66 88 . 154
44 73 . 117
95 16 . 111
0 45 . 45
14 36 . 50
61 17 . 78
0 62 . 62
81 27 . 108
56 3 . 59
92 76 . 168
39 70 . 109
32 45 . 77
73 35 . 108
34 70 . 104
2 63 . 65
54 14 . 68
74 86 . 160
62 74 . 136
1 95 . 96
58 2 . 60
50 93 . 143
19 64 . 83
88 77 . 165
14 3 . 17
54 80 . 134
8 48 . 56
0 41 . 41
9 88 . 97
78 69 . 147
85 12 . 97
2 33 . 35
80 23 . 103
36 60 . 96
46 3 . 49
11 35 . 46
63 42 . 105
77 43 . 120
28 46 . 74
17 69 . 86
50 78 . 128
88 97 . 185
14 29 . 43
17 52 . 69
89 84 . 173
37 25 . 62
89 37 . 126
62 39 . 101
22 85 . 107
25 10 . 35
22 9 . 31
37 65 . 102
18 1 . 19
12 39 . 51
5 73 . 78
42 49 . 91
74 94 . 168
24 95 . 119
50 67 . 117
93 67 . 160
44 15 . 59
37 73 . 110
76 10 . 86
29 38 . 67
46 82 . 128
69 63 . 132
78 58 . 136
91 94 . 185
80 42 . 122
27 70 . 97
98 26 . 124
52 31 . 83
74 22 . 96
60 74 . 134
32 13 . 45
49 93 . 142
38 53 . 91
84 20 . 104
30 46 . 76
39 78 . 117
57 97 . 154
16 12 . 28
91 49 . 140
91 96 . 187
57 68 . 125
61 20 . 81
4 37 . 41
10 66 . 76
81 29 . 110
47 9 . 56
79 98 . 177
42 55 . 97
3 52 . 55
2 72 . 74
43 71 . 114
84 0 . 84
2 64 . 66
88 13 . 101
70 58 . 128
46 24 . 70
93 36 . 129
13 11 . 24
89 21 . 110
94 97 . 191
22 34 . 56
38 17 . 55
46 25 . 71
30 11 . 41
39 59 . 98
68 62 . 130
67 96 . 163
15 74 . 89
40 14 . 54
93 3 . 96
40 78 . 118
24 21 . 45
77 35 . 112
70 82 . 152
14 80 . 94
10 14 . 24
67 0 . 67
12 38 . 50
71 79 . 150
23 30 . 53
28 27 . 55
54 38 . 92
3 68 . 71
7 98 . 105
6 58 . 64
39 9 . 48
55 6 . 61
8 21 . 29
61 54 . 115
19 42 . 61
51 68 . 119
53 26 . 79
27 98 . 125
86 62 . 148
89 81 . 170
98 32 . 130
70 64 . 134
14 55 . 69
4 62 . 66
40 7 . 47
20 30 . 50
44 72 . 116
77 76 . 153
91 24 . 115
56 12 . 68
94 80 . 174
76 79 . 155
55 18 . 73
46 94 . 140
44 38 . 82
90 6 . 96
59 7 . 66
92 72 . 164
49 90 . 139
32 42 . 74
21 77 . 98
98 30 . 128
67 27 . 94
54 0 . 54
10 70 . 80
89 19 . 108
78 11 . 89
25 40 . 65
74 49 . 123
40 92 . 132
99 85 . 184
19 34 . 53
96 6 . 102
45 9 . 54
44 89 . 133
28 77 . 105
85 28 . 113
36 81 . 117
78 77 . 155
31 50 . 81
0 63 . 63
72 8 . 80
51 48 . 99
98 71 . 169
44 18 . 62
30 27 . 57
36 71 . 107
92 95 . 187
96 15 . 111
28 74 . 102
97 96 . 193
19 73 . 92
82 4 . 86
81 79 . 160
36 51 . 87
66 16 . 82
46 16 . 62
47 54 . 101
70 68 . 138
82 77 . 159
11 72 . 83
57 14 . 71
52 48 . 100
46 34 . 80
30 42 . 72
64 97 . 161
10 2 . 12
24 25 . 49
86 23 . 109
85 84 . 169
66 2 . 68
37 48 . 85
95 3 . 98
7 23 . 30
31 39 . 70
87 64 . 151
23 40 . 63
70 36 . 106
9 59 . 68
53 0 . 53
73 9 . 82
86 3 . 89
44 85 . 129
35 87 . 122
33 89 . 122
60 97 . 157
27 63 . 90
74 90 . 164
37 64 . 101
7 15 . 22
49 63 . 112
25 1 . 26
99 3 . 102
18 60 . 78
42 41 . 83
48 11 . 59
15 59 . 74
69 11 . 80
96 25 . 121
22 18 . 40
37 84 . 121
27 2 . 29
86 32 . 118
69 2 . 71
20 70 . 90
47 30 . 77
9 63 . 72
92 21 . 113
88 79 . 167
51 47 . 98
52 41 . 93
18 69 . 87
88 26 . 114
64 72 . 136
82 37 . 119
99 92 . 191
26 49 . 75
22 95 . 117
68 81 . 149
99 54 . 153
96 99 . 195
6 92 . 98
65 0 . 65
96 47 . 143
49 80 . 129
46 13 . 59
81 46 . 127
26 2 . 28
4 59 . 63
25 97 . 122
37 11 . 48
27 47 . 74
8 31 . 39
87 26 . 113
94 43 . 137
13 77 . 90
8 30 . 38
73 39 . 112
18 85 . 103
71 10 . 81
48 63 . 111
6 51 . 57
41 86 . 127
49 18 . 67
2 90 . 92
5 98 . 103
66 73 . 139
29 6 . 35
49 32 . 81
92 5 . 97
24 29 . 53
97 77 . 174
3 1 . 4
14 75 . 89
88 42 . 130
6 85 . 91
82 87 . 169
58 44 . 102
51 21 . 72
77 2 . 79
45 5 . 50
23 12 . 35
83 7 . 90
69 52 . 121
66 53 . 119
36 91 . 127
80 77 . 157
94 59 . 153
56 64 . 120
38 4 . 42
64 86 . 150
19 28 . 47
24 3 . 27
26 67 . 93
61 67 . 128
61 81 . 142
10 50 . 60
19 7 . 26
87 84 . 171
61 76 . 137
21 20 . 41
6 2 . 8
92 50 . 142
14 61 . 75
1 26 . 27
76 88 . 164
74 21 . 95
7 5 . 12
63 21 . 84
67 23 . 90
12 61 . 73
66 75 . 141
32 74 . 106
27 87 . 114
31 28 . 59
45 41 . 86
59 90 . 149
39 15 . 54
44 57 . 101
15 8 . 23
24 32 . 56
48 40 . 88
9 96 . 105
93 53 . 146
58 75 . 133
65 75 . 140
67 4 . 71
15 4 . 19
53 18 . 71
94 71 . 165
87 90 . 177
29 46 . 75
85 41 . 126
57 65 . 122
40 74 . 114
25 49 . 74
47 69 . 116
65 31 . 96
48 80 . 128
79 86 . 165
49 47 . 96
11 12 . 23
33 21 . 54
2 83 . 85
15 34 . 49
6 99 . 105
47 99 . 146
83 68 . 151
45 35 . 80
54 63 . 117
24 9 . 33
43 75 . 118
95 44 . 139
6 98 . 104
84 56 . 140
48 33 . 81
69 28 . 97
41 18 . 59
11 53 . 64
29 43 . 72
80 37 . 117
30 54 . 84
93 86 . 179
68 41 . 109
86 5 . 91
63 59 . 122
99 22 . 121
39 91 . 130
13 41 . 54
61 25 . 86
58 50 . 108
9 91 . 100
70 24 . 94
88 83 . 171
40 5 . 45
83 51 . 134
30 51 . 81
4 73 . 77
47 60 . 107
13 21 . 34
23 33 . 56
57 35 . 92
25 41 . 66
52 60 . 112
43 39 . 82
50 80 . 130
93 27 . 120
56 17 . 73
74 54 . 128
25 3 . 28
40 65 . 105
10 77 . 87
82 88 . 170
85 57 . 142
64 94 . 158
47 79 . 126
61 47 . 108
13 94 . 107
86 85 . 171
32 59 . 91
46 0 . 46
41 48 . 89
64 20 . 84
95 71 . 166
74 59 . 133
92 82 . 174
94 18 . 112
65 64 . 129
66 45 . 111
75 4 . 79
44 76 . 120
3 73 . 76
77 15 . 92
17 9 . 26
46 91 . 137
45 51 . 96
11 45 . 56
2 22 . 24
69 20 . 89
84 3 . 87
10 39 . 49
49 76 . 125
23 63 . 86
75 62 . 137
48 22 . 70
78 90 . 168
98 75 . 173
51 5 . 56
96 2 . 98
45 64 . 109
22 88 . 110
29 45 . 74
7 71 . 78
95 79 . 174
67 34 . 101
37 46 . 83
17 93 . 110
36 97 . 133
26 7 . 33
1 16 . 17
54 51 . 105
61 73 . 134
28 47 . 75
57 84 . 141
58 14 . 72
24 54 . 78
3 76 . 79
0 4 . 4
40 76 . 116
99 76 . 175
12 89 . 101
0 69 . 69
63 12 . 75
74 31 . 105
64 21 . 85
50 64 . 114
64 61 . 125
61 80 . 141
42 33 . 75
25 82 . 107
90 37 . 127
7 75 . 82
59 80 . 139
9 72 . 81
32 72 . 104
21 75 . 96
40 13 . 53
84 12 . 96
27 69 . 96
19 74 . 93
99 80 . 179
57 80 . 137
99 93 . 192
6 56 . 62
20 68 . 88
51 3 . 54
12 75 . 87
27 72 . 99
74 39 . 113
20 46 . 66
49 82 . 131
78 20 . 98
50 51 . 101
32 97 . 129
12 48 . 60
23 70 . 93
68 78 . 146
75 33 . 108
6 75 . 81
22 93 . 115
72 85 . 157
21 39 . 60
22 31 . 53
24 51 . 75
69 12 . 81
50 60 . 110
44 63 . 107
13 51 . 64
99 94 . 193
30 66 . 96
55 61 . 116
86 20 . 106
90 8 . 98
64 26 . 90
12 1 . 13
32 18 . 50
35 42 . 77
33 51 . 84
8 66 . 74
25 62 . 87
46 48 . 94
29 75 . 104
89 62 . 151
81 26 . 107
16 96 . 112
14 90 . 104
38 62 . 100
89 99 . 188
88 61 . 149
10 67 . 77
78 54 . 132
90 82 . 172
87 76 . 163
12 93 . 105
74 2 . 76
95 19 . 114
65 10 . 75
89 73 . 162
50 1 . 51
76 62 . 138
16 83 . 99
58 34 . 92
50 71 . 121
69 15 . 84
14 76 . 90
30 94 . 124
20 53 . 73
84 90 . 174
84 69 . 153
17 74 . 91
94 61 . 155
10 34 . 44
27 94 . 121
64 38 . 102
27 24 . 51
18 90 . 108
79 77 . 156
9 58 . 67
59 69 . 128
36 57 . 93
99 17 . 116
10 64 . 74
43 3 . 46
92 34 . 126
43 8 . 51
40 77 . 117
19 14 . 33
10 79 . 89
8 88 . 96
40 80 . 120
71 91 . 162
56 9 . 65
94 50 . 144
2 12 . 14
98 74 . 172
95 91 . 186
8 5 . 13
6 35 . 41
72 39 . 111
1 66 . 67
27 64 . 91
2 7 . 9
15 11 . 26
39 84 . 123
85 61 . 146
16 49 . 65
98 94 . 192
34 12 . 46
92 98 . 190
6 46 . 52
11 90 . 101
8 86 . 94
32 87 . 119
29 74 . 103
60 24 . 84
81 39 . 120
0 55 . 55
41 80 . 121
6 9 . 15
95 45 . 140
87 17 . 104
61 11 . 72
25 44 . 69
15 18 . 33
55 23 . 78
5 65 . 70
50 23 . 73
68 29 . 97
1 52 . 53
69 82 . 151
56 81 . 137
62 20 . 82
27 75 . 102
59 48 . 107
45 99 . 144
52 61 . 113
74 16 . 90
97 84 . 181
61 93 . 154
93 31 . 124
40 37 . 77
52 73 . 125
59 42 . 101
96 33 . 129
1 43 . 44
30 15 . 45
81 86 . 167
83 44 . 127
38 60 . 98
66 92 . 158
87 70 . 157
34 61 . 95
6 82 . 88
34 41 . 75
36 78 . 114
41 57 . 98
42 53 . 95
39 64 . 103
56 83 . 139
55 44 . 99
82 18 . 100
93 92 . 185
52 79 . 131
44 71 . 115
62 10 . 72
43 26 . 69
76 42 . 118
62 7 . 69
27 49 . 76
39 89 . 128
17 34 . 51
49 33 . 82
16 47 . 63
48 15 . 63
29 4 . 33
32 28 . 60
28 80 . 108
79 22 . 101
62 67 . 129
5 64 . 69
43 95 . 138
6 47 . 53
9 43 . 52
15 72 . 87
70 16 . 86
97 86 . 183
90 5 . 95
96 52 . 148
18 61 . 79
93 4 . 97
27 3 . 30
19 83 . 102
30 3 . 33
75 64 . 139
51 97 . 148
71 69 . 140
67 13 . 80
2 47 . 49
26 74 . 100
10 85 . 95
48 69 . 117
48 17 . 65
83 55 . 138
95 72 . 167
45 43 . 88
52 0 . 52
23 6 . 29
19 86 . 105
34 55 . 89
69 34 . 103
22 73 . 95
3 17 . 20
15 82 . 97
61 79 . 140
30 85 . 115
55 38 . 93
91 51 . 142
25 6 . 31
9 3 . 12
45 90 . 135
32 41 . 73
8 37 . 45
12 64 . 76
49 85 . 134
29 96 . 125
42 20 . 62
58 82 . 140
28 78 . 106
74 80 . 154
14 97 . 111
47 17 . 64
76 53 . 129
6 94 . 100
27 44 . 71
78 42 . 120
7 1 . 8
52 21 . 73
76 25 . 101
93 38 . 131
27 22 . 49
81 7 . 88
43 99 . 142
14 47 . 61
46 89 . 135
98 55 . 153
86 84 . 170
35 63 . 98
2 3 . 5
47 98 . 145
31 72 . 103
38 52 . 90
15 87 . 102
3 16 . 19
90 71 . 161
16 45 . 61
67 28 . 95
62 11 . 73
21 42 . 63
67 98 . 165
40 30 . 70
36 95 . 131
91 61 . 152
3 15 . 18
13 19 . 32
44 35 . 79
74 89 . 163
44 28 . 72
38 71 . 109
12 54 . 66
59 87 . 146
66 3 . 69
23 9 . 32
18 20 . 38
29 88 . 117
29 66 . 95
32 29 . 61
10 46 . 56
53 3 . 56
34 74 . 108
28 20 . 48
2 94 . 96
65 7 . 72
10 56 . 66
39 98 . 137
73 21 . 94
40 60 . 100
93 73 . 166
97 18 . 115
60 57 . 117
56 24 . 80
17 53 . 70
67 75 . 142
38 50 . 88
13 55 . 68
71 25 . 96
37 6 . 43
26 20 . 46
89 47 . 136
34 96 . 130
16 29 . 45
7 20 . 27
41 30 . 71
59 96 . 155
5 37 . 42
3 65 . 68
37 35 . 72
99 5 . 104
68 32 . 100
32 79 . 111
53 2 . 55
48 81 . 129
6 79 . 85
80 88 . 168
51 70 . 121
45 15 . 60
93 14 . 107
6 19 . 25
5 9 . 14
92 59 . 151
16 90 . 106
90 29 . 119
83 33 . 116
43 76 . 119
54 1 . 55
35 72 . 107
93 75 . 168
74 1 . 75
11 40 . 51
68 94 . 162
85 9 . 94
65 96 . 161
62 32 . 94
19 99 . 118
73 92 . 165
30 59 . 89
22 96 . 118
4 66 . 70
55 63 . 118
64 73 . 137
91 21 . 112
3 28 . 31
84 40 . 124
80 2 . 82
64 85 . 149
1 93 . 94
88 91 . 179
48 27 . 75
1 32 . 33
90 88 . 178
44 6 . 50
17 12 . 29
54 53 . 107
65 38 . 103
86 11 . 97
23 53 . 76
85 95 . 180
36 49 . 85
56 53 . 109
68 25 . 93
71 60 . 131
62 52 . 114
40 86 . 126
56 69 . 125
70 30 . 100
11 70 . 81
28 92 . 120
54 44 . 98
45 6 . 51
27 0 . 27
38 92 . 130
74 37 . 111
20 5 . 25
93 84 . 177
92 77 . 169
41 8 . 49
25 26 . 51
11 6 . 17
37 59 . 96
34 56 . 90
46 73 . 119
54 70 . 124
53 14 . 67
94 45 . 139
20 91 . 111
87 37 . 124
1 68 . 69
94 24 . 118
13 95 . 108
34 25 . 59
88 60 . 148
27 34 . 61
8 87 . 95
8 64 . 72
11 77 . 88
67 6 . 73
99 56 . 155
88 94 . 182
77 60 . 137
99 64 . 163
14 86 . 100
75 19 . 94
18 45 . 63
20 58 . 78
53 46 . 99
7 64 . 71
76 80 . 156
54 69 . 123
71 33 . 104
10 55 . 65
81 30 . 111
31 41 . 72
35 4 . 39
39 41 . 80
92 54 . 146
63 33 . 96
55 8 . 63
68 5 . 73
31 91 . 122
71 81 . 152
21 96 . 117
70 33 . 103
35 88 . 123
81 37 . 118
57 62 . 119
68 85 . 153
62 71 . 133
61 87 . 148
22 78 . 100
24 79 . 103
81 63 . 144
1 10 . 11
63 91 . 154
9 90 . 99
98 68 . 166
27 97 . 124
74 47 . 121
52 23 . 75
98 93 . 191
99 52 . 151
18 91 . 109
28 48 . 76
86 50 . 136
25 17 . 42
32 56 . 88
39 23 . 62
58 33 . 91
35 75 . 110
89 83 . 172
66 24 . 90
68 4 . 72
2 50 . 52
2 99 . 101
88 28 . 116
11 36 . 47
91 77 . 168
10 22 . 32
52 95 . 147
25 54 . 79
10 18 . 28
38 22 . 60
85 45 . 130
60 68 . 128
75 80 . 155
80 12 . 92
64 69 . 133
58 88 . 146
19 36 . 55
47 23 . 70
69 5 . 74
41 71 . 112
11 29 . 40
40 85 . 125
94 37 . 131
13 53 . 66
62 8 . 70
95 25 . 120
59 27 . 86
25 27 . 52
46 87 . 133
85 27 . 112
24 33 . 57
54 36 . 90
97 54 . 151
25 29 . 54
83 76 . 159
81 13 . 94
74 77 . 151
44 4 . 48
77 83 . 160
95 47 . 142
90 64 . 154
6 38 . 44
21 57 . 78
91 44 . 135
44 56 . 100
81 94 . 175
34 87 . 121
30 18 . 48
84 28 . 112
59 25 . 84
12 55 . 67
8 36 . 44
27 53 . 80
74 71 . 145
42 11 . 53
89 17 . 106
28 95 . 123
72 41 . 113
13 58 . 71
35 15 . 50
38 66 . 104
36 92 . 128
69 16 . 85
60 37 . 97
87 18 . 105
73 8 . 81
86 44 . 130
25 36 . 61
36 63 . 99
12 53 . 65
55 46 . 101
80 35 . 115
79 31 . 110
83 66 . 149
5 79 . 84
16 14 . 30
98 52 . 150
5 95 . 100
33 17 . 50
62 84 . 146
92 56 . 148
67 14 . 81
32 21 . 53
77 19 . 96
42 14 . 56
6 84 . 90
81 22 . 103
26 56 . 82
55 62 . 117
27 77 . 104
56 91 . 147
8 20 . 28
34 38 . 72
48 3 . 51
91 11 . 102
82 7 . 89
36 77 . 113
68 66 . 134
47 20 . 67
29 76 . 105
61 38 . 99
48 85 . 133
8 4 . 12
66 81 . 147
21 60 . 81
97 7 . 104
84 99 . 183
69 88 . 157
28 24 . 52
69 98 . 167
79 19 . 98
5 41 . 46
10 35 . 45
51 37 . 88
59 12 . 71
91 93 . 184
87 92 . 179
41 3 . 44
92 46 . 138
9 42 . 51
37 43 . 80
31 25 . 56
16 53 . 69
51 99 . 150
40 2 . 42
40 39 . 79
5 29 . 34
71 35 . 106
25 65 . 90
50 37 . 87
17 41 . 58
40 91 . 131
14 74 . 88
45 89 . 134
36 50 . 86
19 92 . 111
69 93 . 162
53 39 . 92
40 17 . 57
45 8 . 53
28 93 . 121
49 44 . 93
75 40 . 115
54 28 . 82
10 26 . 36
99 73 . 172
96 50 . 146
4 89 . 93
70 15 . 85
85 34 . 119
91 27 . 118
43 35 . 78
78 94 . 172
25 23 . 48
52 59 . 111
16 80 . 96
41 7 . 48
37 79 . 116
1 58 . 59
88 44 . 132
62 45 . 107
4 27 . 31
77 32 . 109
5 60 . 65
86 54 . 140
1 29 . 30
7 3 . 10
47 18 . 65
49 95 . 144
96 71 . 167
22 16 . 38
23 66 . 89
49 51 . 100
34 89 . 123
68 52 . 120
5 46 . 51
79 97 . 176
2 51 . 53
51 20 . 71
37 21 . 58
91 14 . 105
39 46 . 85
59 10 . 69
42 60 . 102
21 0 . 21
62 30 . 92
96 1 . 97
64 59 . 123
14 8 . 22
69 50 . 119
37 69 . 106
0 13 . 13
17 44 . 61
82 73 . 155
6 4 . 10
11 16 . 27
27 26 . 53
73 49 . 122
59 46 . 105
80 72 . 152
38 51 . 89
31 85 . 116
75 61 . 136
31 12 . 43
88 7 . 95
40 15 . 55
8 24 . 32
16 52 . 68
40 18 . 58
8 58 . 66
54 98 . 152
28 43 . 71
97 68 . 165
85 1 . 86
92 97 . 189
19 40 . 59
28 53 . 81
56 80 . 136
70 76 . 146
87 95 . 182
53 72 . 125
64 84 . 148
4 43 . 47
62 42 . 104
75 56 . 131
3 21 . 24
86 26 . 112
54 88 . 142
51 28 . 79
0 73 . 73
5 2 . 7
99 35 . 134
39 45 . 84
82 59 . 141
84 43 . 127
2 38 . 40
36 12 . 48
85 66 . 151
70 46 . 116
13 84 . 97
0 51 . 51
47 44 . 91
71 40 . 111
5 91 . 96
57 5 . 62
42 81 . 123
41 51 . 92
49 2 . 51
49 28 . 77
87 4 . 91
95 30 . 125
32 81 . 113
64 43 . 107
1 44 . 45
79 16 . 95
22 46 . 68
23 87 . 110
43 85 . 128
65 16 . 81
13 49 . 62
83 21 . 104
75 13 . 88
77 8 . 85
21 54 . 75
86 59 . 145
31 18 . 49
69 42 . 111
55 28 . 83
89 5 . 94
38 43 . 81
26 35 . 61
33 30 . 63
75 73 . 148
93 0 . 93
48 16 . 64
9 25 . 34
77 72 . 149
46 67 . 113
59 35 . 94
46 21 . 67
69 57 . 126
73 43 . 116
77 85 . 162
22 40 . 62
92 7 . 99
22 32 . 54
34 36 . 70
45 65 . 110
63 65 . 128
28 61 . 89
23 61 . 84
42 40 . 82
83 85 . 168
4 78 . 82
97 13 . 110
5 94 . 99
12 49 . 61
59 43 . 102
87 19 . 106
67 24 . 91
90 35 . 125
24 96 . 120
46 38 . 84
70 81 . 151
61 36 . 97
81 88 . 169
88 25 . 113
90 79 . 169
20 32 . 52
73 94 . 167
31 44 . 75
36 30 . 66
51 71 . 122
41 63 . 104
26 95 . 121
71 53 . 124
6 65 . 71
20 1 . 21
50 4 . 54
28 7 . 35
1 65 . 66
68 8 . 76
19 5 . 24
0 70 . 70
13 17 . 30
17 18 . 35
27 74 . 101
55 59 . 114
51 31 . 82
61 37 . 98
10 43 . 53
8 10 . 18
33 36 . 69
59 47 . 106
2 23 . 25
93 30 . 123
32 94 . 126
30 52 . 82
76 47 . 123
60 33 . 93
46 50 . 96
61 5 . 66
52 97 . 149
95 39 . 134
38 73 . 111
15 84 . 99
75 32 . 107
2 70 . 72
6 8 . 14
4 83 . 87
21 67 . 88
79 51 . 130
53 55 . 108
10 48 . 58
87 39 . 126
38 0 . 38
56 74 . 130
63 19 . 82
18 34 . 52
8 76 . 84
13 14 . 27
45 38 . 83
84 51 . 135
10 68 . 78
48 2 . 50
80 79 . 159
58 0 . 58
21 99 . 120
36 79 . 115
81 84 . 165
33 5 . 38
72 55 . 127
76 55 . 131
19 35 . 54
74 85 . 159
20 15 . 35
30 5 . 35
33 52 . 85
42 98 . 140
77 63 . 140
52 94 . 146
98 81 . 179
87 89 . 176
83 41 . 124
97 19 . 116
55 82 . 137
45 63 . 108
14 99 . 113
15 31 . 46
13 8 . 21
89 69 . 158
65 28 . 93
76 58 . 134
26 61 . 87
95 48 . 143
35 68 . 103
83 69 . 152
78 87 . 165
75 88 . 163
82 40 . 122
30 89 . 119
0 90 . 90
21 98 . 119
19 27 . 46
9 94 . 103
77 24 . 101
58 74 . 132
59 17 . 76
84 41 . 125
1 11 . 12
31 10 . 41
32 23 . 55
79 18 . 97
1 37 . 38
79 30 . 109
55 48 . 103
94 77 . 171
0 24 . 24
35 84 . 119
77 70 . 147
9 26 . 35
65 14 . 79
4 46 . 50
95 70 . 165
35 52 . 87
97 58 . 155
90 91 . 181
61 15 . 76
27 17 . 44
19 53 . 72
90 95 . 185
55 92 . 147
22 5 . 27
54 81 . 135
15 51 . 66
78 48 . 126
47 8 . 55
75 99 . 174
43 19 . 62
38 37 . 75
87 67 . 154
32 50 . 82
65 60 . 125
13 99 . 112
2 0 . 2
72 89 . 161
31 32 . 63
58 10 . 68
31 5 . 36
33 8 . 41
33 90 . 123
60 34 . 94
3 79 . 82
20 19 . 39
4 91 . 95
52 90 . 142
22 37 . 59
85 80 . 165
37 15 . 52
82 30 . 112
63 75 . 138
10 96 . 106
35 65 . 100
19 2 . 21
14 73 . 87
31 47 . 78
94 62 . 156
95 32 . 127
41 79 . 120
92 53 . 145
12 71 . 83
16 0 . 16
66 84 . 150
68 72 . 140
31 54 . 85
90 85 . 175
64 81 . 145
51 1 . 52
73 85 . 158
52 57 . 109
98 66 . 164
21 36 . 57
19 38 . 57
85 25 . 110
19 80 . 99
16 41 . 57
77 45 . 122
16 30 . 46
16 25 . 41
88 87 . 175
43 87 . 130
40 56 . 96
55 43 . 98
50 34 . 84
59 88 . 147
74 99 . 173
39 51 . 90
44 66 . 110
97 89 . 186
0 31 . 31
80 38 . 118
11 57 . 68
55 70 . 125
11 3 . 14
96 68 . 164
66 9 . 75
83 14 . 97
45 75 . 120
22 97 . 119
79 63 . 142
66 19 . 85
24 81 . 105
60 25 . 85
69 72 . 141
35 85 . 120
72 37 . 109
64 1 . 65
47 13 . 60
21 40 . 61
48 68 . 116
66 34 . 100
79 40 . 119
97 40 . 137
86 2 . 88
85 29 . 114
68 18 . 86
4 98 . 102
49 17 . 66
33 43 . 76
74 5 . 79
54 22 . 76
8 44 . 52
4 85 . 89
91 30 . 121
5 63 . 68
12 47 . 59
30 99 . 129
89 16 . 105
52 53 . 105
91 86 . 177
95 15 . 110
17 64 . 81
90 67 . 157
25 53 . 78
66 18 . 84
66 64 . 130
16 50 . 66
81 83 . 164
57 63 . 120
6 59 . 65
52 13 . 65
90 4 . 94
38 84 . 122
50 98 . 148
79 85 . 164
82 13 . 95
89 48 . 137
4 12 . 16
50 27 . 77
23 4 . 27
53 78 . 131
54 7 . 61
42 1 . 43
26 85 . 111
41 82 . 123
55 15 . 70
61 4 . 65
18 95 . 113
70 6 . 76
72 34 . 106
17 8 . 25
60 12 . 72
31 21 . 52
96 64 . 160
86 78 . 164
0 19 . 19
1 34 . 35
46 32 . 78
98 51 . 149
75 41 . 116
34 11 . 45
16 34 . 50
43 66 . 109
55 2 . 57
93 56 . 149
20 96 . 116
12 81 . 93
10 32 . 42
53 58 . 111
11 59 . 70
98 31 . 129
78 83 . 161
82 36 . 118
88 55 . 143
67 8 . 75
77 61 . 138
17 32 . 49
73 15 . 88
36 23 . 59
97 56 . 153
81 8 . 89
19 62 . 81
75 10 . 85
98 0 . 98
76 6 . 82
28 6 . 34
35 39 . 74
76 50 . 126
83 72 . 155
35 48 . 83
21 35 . 56
64 67 . 131
91 75 . 166
68 12 . 80
75 11 . 86
33 61 . 94
24 63 . 87
32 53 . 85
92 60 . 152
21 25 . 46
40 16 . 56
76 1 . 77
44 52 . 96
82 52 . 134
