13 17 . 30
10 6 . 16
10 1 . 11
2 3 . 5
17 17 . 34
14 8 . 22
6 6 . 12
13 16 . 29
4 15 . 19
9 3 . 12
11 8 . 19
11 19 . 30
16 14 . 30
17 18 . 35
16 1 . 17
6 7 . 13
17 4 . 21
1 0 . 1
16 3 . 19
2 15 . 17
19 12 . 31
9 14 . 23
4 2 . 6
9 1 . 10
0 19 . 19
12 2 . 14
7 4 . 11
1 13 . 14
9 11 . 20
11 13 . 24
15 11 . 26
0 7 . 7
1 2 . 3
15 10 . 25
12 15 . 27
10 19 . 29
17 19 . 36
7 7 . 14
14 15 . 29
5 6 . 11
0 6 . 6
0 12 . 12
6 17 . 23
1 15 . 16
5 1 . 6
9 9 . 18
17 10 . 27
5 10 . 15
12 3 . 15
12 12 . 24
15 17 . 32
19 19 . 38
3 13 . 16
19 8 . 27
11 17 . 28
4 4 . 8
16 7 . 23
1 1 . 2
6 11 . 17
18 11 . 29
3 11 . 14
2 9 . 11
8 17 . 25
19 16 . 35
11 16 . 27
16 18 . 34
1 8 . 9
0 3 . 3
16 4 . 20
2 2 . 4
19 1 . 20
2 5 . 7
3 1 . 4
18 0 . 18
18 18 . 36
10 11 . 21
14 7 . 21
9 12 . 21
12 16 . 28
7 19 . 26
16 2 . 18
5 5 . 10
4 11 . 15
3 19 . 22
14 13 . 27
17 3 . 20
0 11 . 11
6 12 . 18
0 17 . 17
18 8 . 26
19 18 . 37
8 0 . 8
11 7 . 18
14 14 . 28
19 6 . 25
16 5 . 21
2 13 . 15
14 10 . 24
7 18 . 25
4 14 . 18
11 14 . 25
1 7 . 8
14 0 . 14
13 10 . 23
7 5 . 12
11 1 . 12
0 9 . 9
11 5 . 16
0 15 . 15
19 5 . 24
14 2 . 16
13 18 . 31
10 3 . 13
11 11 . 22
1 12 . 13
16 8 . 24
17 2 . 19
11 12 . 23
0 5 . 5
10 7 . 17
5 4 . 9
12 10 . 22
1 17 . 18
15 3 . 18
3 14 . 17
14 6 . 20
7 2 . 9
18 12 . 30
16 16 . 32
2 19 . 21
15 6 . 21
13 15 . 28
15 18 . 33
5 3 . 8
9 15 . 24
3 7 . 10
2 6 . 8
14 17 . 31
13 8 . 21
3 6 . 9
8 2 . 10
0 0 . 0
9 17 . 26
8 5 . 13
10 4 . 14
12 17 . 29
17 5 . 22
8 7 . 15
4 3 . 7
18 14 . 32
15 19 . 34
8 8 . 16
5 14 . 19
1 14 . 15
8 12 . 20
9 5 . 14
